##FastQC	0.10.1
>>Basic Statistics	pass
#Measure	Value	
Filename	HON021020_005_R2.fastq.gz	
File type	Conventional base calls	
Encoding	Sanger / Illumina 1.9	
Total Sequences	37195226	
Filtered Sequences	0	
Sequence length	92	
%GC	52	
>>END_MODULE
>>Per base sequence quality	pass
#Base	Mean	Median	Lower Quartile	Upper Quartile	10th Percentile	90th Percentile
1	36.16425365986484	37.0	37.0	37.0	37.0	37.0
2	36.16529476121479	37.0	37.0	37.0	37.0	37.0
3	36.328138078795384	37.0	37.0	37.0	37.0	37.0
4	36.32725479339741	37.0	37.0	37.0	37.0	37.0
5	36.27274677669656	37.0	37.0	37.0	37.0	37.0
6	36.24385973619302	37.0	37.0	37.0	37.0	37.0
7	36.114907434626154	37.0	37.0	37.0	37.0	37.0
8	36.185309318997014	37.0	37.0	37.0	37.0	37.0
9	36.205019052713915	37.0	37.0	37.0	37.0	37.0
10-14	36.18236553798598	37.0	37.0	37.0	37.0	37.0
15-19	36.18127073081906	37.0	37.0	37.0	37.0	37.0
20-24	36.1457415583387	37.0	37.0	37.0	37.0	37.0
25-29	36.10860305567171	37.0	37.0	37.0	37.0	37.0
30-34	36.088239173489626	37.0	37.0	37.0	37.0	37.0
35-39	36.07461439271803	37.0	37.0	37.0	37.0	37.0
40-44	36.00968365671444	37.0	37.0	37.0	37.0	37.0
45-49	35.968768798447414	37.0	37.0	37.0	37.0	37.0
50-54	35.9195214192273	37.0	37.0	37.0	37.0	37.0
55-59	35.872088541685436	37.0	37.0	37.0	37.0	37.0
60-64	35.83487248605506	37.0	37.0	37.0	37.0	37.0
65-69	35.800065261063345	37.0	37.0	37.0	37.0	37.0
70-74	35.773638708365425	37.0	37.0	37.0	37.0	37.0
75-79	35.719892660418296	37.0	37.0	37.0	37.0	37.0
80-84	35.68723060319623	37.0	37.0	37.0	37.0	37.0
85-89	35.66444179153529	37.0	37.0	37.0	37.0	37.0
90-92	35.59071576372014	37.0	37.0	37.0	37.0	37.0
>>END_MODULE
>>Per sequence quality scores	pass
#Quality	Count
11	187.0
12	1040.0
13	4188.0
14	7700.0
15	8244.0
16	7949.0
17	7835.0
18	9287.0
19	12767.0
20	19141.0
21	29636.0
22	43848.0
23	59959.0
24	77218.0
25	95154.0
26	114788.0
27	141075.0
28	178260.0
29	220564.0
30	275117.0
31	355875.0
32	484423.0
33	740405.0
34	1463272.0
35	4414664.0
36	2.2807966E7
37	5614664.0
>>END_MODULE
>>Per base sequence content	fail
#Base	G	A	T	C
1	32.09269413956294	8.092628936861889	18.565920388039995	41.24875653553517
2	31.635657517171172	7.550608859605379	30.14786590416329	30.66586771906016
3	31.634336208800796	13.099188356346323	20.81394075835857	34.45253467649432
4	32.162947281935686	17.294552902227757	19.63760397169314	30.904895844143415
5	32.666775569531424	21.340873153990245	22.991092996719527	23.001258279758805
6	31.7110077513711	22.019371518269576	22.05086480722015	24.218755923139167
7	22.225954716178787	23.87004869694705	37.412213722807095	16.49178286406707
8	25.56656867738887	19.73130368934981	31.71882058197469	22.983307051286637
9	25.318958943817144	18.184917064356593	32.66154371531444	23.83458027651183
10-14	26.628600591385414	24.312957036734094	26.33437379783604	22.72406857404445
15-19	26.88100943387689	23.477786810204773	25.767778504760802	23.87342525115753
20-24	26.834002935705843	23.472710035628374	25.373567226651183	24.319719802014596
25-29	26.855949863240347	23.489113752807604	25.143046684892113	24.51188969905994
30-34	26.741995665386973	23.498619291904937	25.119593342465457	24.63979170024263
35-39	27.00153476946291	23.411527371794087	24.812618057431486	24.774319801311517
40-44	27.016561010036057	23.50958274933613	24.779470485646833	24.69438575498098
45-49	26.937283089331437	23.476000306109164	24.81418795317631	24.77252865138309
50-54	27.036038719422113	23.477256775379168	24.721680500871024	24.765024004327692
55-59	26.823685594439684	23.510253400013593	24.71624482405689	24.949816181489833
60-64	26.930736792788	23.465946107687902	24.751353736615034	24.85196336290906
65-69	26.952048838346045	23.48627896842278	24.69986731352076	24.861804879710416
70-74	27.068122866317218	23.572621365580744	24.50786618674659	24.85138958135544
75-79	27.089772312060916	23.64589439136861	24.41405162513493	24.850281671435543
80-84	27.32008622707075	23.56265819934965	24.297147757586306	24.820107815993296
85-89	27.368350607415614	23.745753402159302	24.247809454828435	24.63808653559665
90-92	27.635172474221125	23.809820022103125	23.961232447005763	24.59377505666999
>>END_MODULE
>>Per base GC content	fail
#Base	%GC
1	73.34145067509812
2	62.30152523623133
3	66.08687088529511
4	63.067843126079104
5	55.66803384929023
6	55.92976367451027
7	38.71773758024586
8	48.5498757286755
9	49.15353922032897
10-14	49.352669165429866
15-19	50.754434685034425
20-24	51.15372273772044
25-29	51.36783956230029
30-34	51.381787365629606
35-39	51.77585457077443
40-44	51.71094676501704
45-49	51.70981174071453
50-54	51.8010627237498
55-59	51.77350177592952
60-64	51.78270015569707
65-69	51.81385371805646
70-74	51.919512447672666
75-79	51.94005398349646
80-84	52.14019404306405
85-89	52.00643714301226
90-92	52.22894753089111
>>END_MODULE
>>Per sequence GC content	pass
#GC Content	Count
0	2734.0
1	2044.0
2	1306.0
3	1305.0
4	1438.0
5	1577.5
6	1755.0
7	1975.0
8	2150.5
9	2392.0
10	2735.5
11	3025.5
12	3134.0
13	3338.5
14	3835.5
15	4428.0
16	5195.0
17	6482.5
18	8409.5
19	10833.5
20	14486.5
21	20153.5
22	28352.0
23	40038.5
24	54834.5
25	62811.0
26	74080.5
27	100272.0
28	134369.5
29	175802.5
30	223791.5
31	278426.0
32	339157.0
33	405154.0
34	473623.0
35	544641.0
36	618823.5
37	656288.0
38	689507.0
39	763837.0
40	840986.5
41	910932.0
42	983096.0
43	1051244.0
44	1112104.0
45	1164103.0
46	1197468.5
47	1210770.5
48	1216552.0
49	1242395.5
50	1263424.0
51	1265959.5
52	1277883.5
53	1292430.5
54	1301262.0
55	1291773.0
56	1269987.0
57	1254086.0
58	1229583.5
59	1199957.5
60	1168513.5
61	1124635.5
62	1099801.0
63	1063719.5
64	983215.5
65	889663.0
66	789284.0
67	690762.5
68	587658.5
69	487529.0
70	404121.5
71	325815.5
72	258790.5
73	212011.0
74	174141.0
75	155222.0
76	138051.5
77	110484.0
78	90149.0
79	73240.0
80	58655.0
81	45081.5
82	34684.5
83	25258.5
84	17453.0
85	12286.5
86	7854.0
87	5771.0
88	4670.5
89	2892.5
90	1890.0
91	1508.0
92	1472.5
93	1521.0
94	1652.5
95	1821.5
96	2079.0
97	2594.5
98	3882.0
99	20545.0
100	36243.0
>>END_MODULE
>>Per base N content	pass
#Base	N-Count
1	0.05068392379172531
2	0.025922681582846142
3	0.0015539628660946971
4	1.613110241620793E-5
5	0.0
6	0.0
7	0.006291129942321092
8	0.0
9	0.0
10-14	0.009247961015212006
15-19	2.801434786281444E-4
20-24	0.009013522326763118
25-29	0.003266010535868232
30-34	0.00924849871862588
35-39	0.005074844820139015
40-44	0.019141703830486204
45-49	0.0017518377224001811
50-54	0.0019480994684640443
55-59	4.5382168130931645E-4
60-64	4.753298178642603E-4
65-69	7.258996087293568E-5
70-74	2.3712720551825656E-4
75-79	2.1669447579105984E-4
80-84	6.043786371939237E-4
85-89	5.801819835696119E-4
90-92	0.0021194476230184307
>>END_MODULE
>>Sequence Length Distribution	pass
#Length	Count
92	3.7195226E7
>>END_MODULE
>>Sequence Duplication Levels	fail
#Total Duplicate Percentage	67.86410006664273
#Duplication Level	Relative count
1	100.0
2	41.13260219341974
3	22.166832834828845
4	13.923562645397142
5	9.744101030242605
6	7.256895978730475
7	5.7068793619142575
8	4.778996344300432
9	3.7899634430043205
10++	57.36922565636424
>>END_MODULE
>>Overrepresented sequences	warn
#Sequence	Count	Percentage	Possible Source
GGGGGGGGGGGGGGGGGGGGGGGGGGGGGGGGGGGGGGGGGGGGGGGGGG	41590	0.11181542491501464	No Hit
>>END_MODULE
>>Kmer Content	warn
#Sequence	Count	Obs/Exp Overall	Obs/Exp Max	Max Obs/Exp Position
AAAAA	10992780	5.3160486	6.093853	75-79
TTTTT	14804190	4.6294985	18.070042	2
GGGGG	14114800	2.8784003	8.93998	1
CCAGG	9804810	2.8550415	5.1351	2
CTCCT	8582165	2.7345514	9.763855	1
CTTCT	8525415	2.6995504	5.2209353	6
CTCCA	7737835	2.6901417	8.6567955	1
TCTTC	8099675	2.5647411	5.3762746	7
CCTCC	7835420	2.5122614	6.4068904	1
TCCTC	7693620	2.4514327	5.9973736	2
TCCAG	7611710	2.414293	5.339888	2
CCCAG	7545145	2.4081786	6.709498	1
CTTCA	6496945	2.244665	5.227952	6
CTGGG	9201300	2.24031	6.1245813	1
TGGGG	8867100	1.9696661	5.008082	2
CCCCA	5446790	1.905503	7.872537	1
CCTCT	5682640	1.8106704	5.4057565	3
CTCCC	5544345	1.7776768	8.2867775	1
GGGGC	7830485	1.7503021	5.1661587	2
GGGGA	7038185	1.7058393	5.440015	1
GTGGG	6951090	1.544059	5.2734127	1
TTTTG	5159665	1.4812768	5.4020095	7
CCCCC	3777420	1.2187405	5.2194552	1
CGGGG	4623945	1.0335633	6.2265153	1
>>END_MODULE
