##FastQC	0.10.1
>>Basic Statistics	pass
#Measure	Value	
Filename	HON021020_006_R2.fastq.gz	
File type	Conventional base calls	
Encoding	Sanger / Illumina 1.9	
Total Sequences	33687382	
Filtered Sequences	0	
Sequence length	92	
%GC	52	
>>END_MODULE
>>Per base sequence quality	pass
#Base	Mean	Median	Lower Quartile	Upper Quartile	10th Percentile	90th Percentile
1	36.17280102086888	37.0	37.0	37.0	37.0	37.0
2	36.17894617040885	37.0	37.0	37.0	37.0	37.0
3	36.341397826640254	37.0	37.0	37.0	37.0	37.0
4	36.33517537812823	37.0	37.0	37.0	37.0	37.0
5	36.28054504205759	37.0	37.0	37.0	37.0	37.0
6	36.25376831004559	37.0	37.0	37.0	37.0	37.0
7	36.1231073106245	37.0	37.0	37.0	37.0	37.0
8	36.19769972032852	37.0	37.0	37.0	37.0	37.0
9	36.21668807626547	37.0	37.0	37.0	37.0	37.0
10-14	36.18657583423966	37.0	37.0	37.0	37.0	37.0
15-19	36.18732044538219	37.0	37.0	37.0	37.0	37.0
20-24	36.15024135149475	37.0	37.0	37.0	37.0	37.0
25-29	36.109739302389244	37.0	37.0	37.0	37.0	37.0
30-34	36.09020340612993	37.0	37.0	37.0	37.0	37.0
35-39	36.07530744894335	37.0	37.0	37.0	37.0	37.0
40-44	36.00875127072801	37.0	37.0	37.0	37.0	37.0
45-49	35.97428167021112	37.0	37.0	37.0	37.0	37.0
50-54	35.92445765598526	37.0	37.0	37.0	37.0	37.0
55-59	35.870739804001396	37.0	37.0	37.0	37.0	37.0
60-64	35.833137986205045	37.0	37.0	37.0	37.0	37.0
65-69	35.799656043322095	37.0	37.0	37.0	37.0	37.0
70-74	35.76828287814114	37.0	37.0	37.0	37.0	37.0
75-79	35.70929781958123	37.0	37.0	37.0	37.0	37.0
80-84	35.66907303749517	37.0	37.0	37.0	37.0	37.0
85-89	35.64008888550615	37.0	37.0	37.0	37.0	37.0
90-92	35.556858588773686	37.0	37.0	37.0	37.0	37.0
>>END_MODULE
>>Per sequence quality scores	pass
#Quality	Count
11	139.0
12	957.0
13	4237.0
14	7258.0
15	7789.0
16	7288.0
17	7401.0
18	8310.0
19	11272.0
20	17044.0
21	26335.0
22	39694.0
23	54128.0
24	70103.0
25	87148.0
26	105414.0
27	127208.0
28	156284.0
29	195840.0
30	250336.0
31	327714.0
32	444655.0
33	668767.0
34	1320431.0
35	4005475.0
36	2.0738962E7
37	4997193.0
>>END_MODULE
>>Per base sequence content	fail
#Base	G	A	T	C
1	31.107418072182597	8.1028277705202	18.81579970439453	41.973954452902674
2	30.982206080662984	7.703047647688022	30.44861356864886	30.866132703000137
3	30.951920479187162	13.191495121884103	20.960318110799165	34.896266288129574
4	31.6844941652774	17.504019383877825	19.724141775716166	31.08734467512861
5	32.28537319997143	21.434717010659956	23.097140644529755	23.18276914483886
6	31.27411028853474	22.11276910743613	22.170013092736028	24.4431075112931
7	21.987329044173254	23.828047316546762	37.45642434880435	16.728199290475633
8	25.22531433282646	19.659310420738542	31.751936080993175	23.363439165441825
9	25.005671262907875	18.14615335795462	32.73615919456134	24.11201618457617
10-14	26.414108738446647	24.333185420525353	26.297952999352013	22.954752841675987
15-19	26.61261790228221	23.47636315432578	25.73970095171761	24.1713179916744
20-24	26.556136430968646	23.522271151411005	25.398024813277047	24.523567604343306
25-29	26.588197714197705	23.534266518722163	25.143695845198955	24.733839921881177
30-34	26.50407858874488	23.538515471869843	25.102739189823353	24.854666749561925
35-39	26.76917115932771	23.46446581838133	24.806354795649355	24.9600082266416
40-44	26.80765108498622	23.543286254305727	24.756769441739408	24.89229321896865
45-49	26.719510705359628	23.54366100705382	24.777311767728605	24.959516519857946
50-54	26.80486394481833	23.547764888494747	24.676680141725154	24.970691024961774
55-59	26.63004382050681	23.549658040271247	24.71274822335112	25.10754991587082
60-64	26.703245582754565	23.55025931718998	24.70088969952491	25.045605400530548
65-69	26.743692154824195	23.576907917847574	24.65398015548847	25.025419771839765
70-74	26.89108313433653	23.647850401106556	24.467004012312294	24.994062452244627
75-79	26.974530058491403	23.753749831976787	24.34447614269841	24.927243966833398
80-84	27.20879531744002	23.65948662761019	24.221410781320436	24.91030727362936
85-89	27.25518809969012	23.857225253872468	24.185025227690407	24.702561418747006
90-92	27.579757640300066	23.90594240437437	23.900681175296633	24.613618780028933
>>END_MODULE
>>Per base GC content	fail
#Base	%GC
1	73.08137252508527
2	61.848338783663124
3	65.84818676731673
4	62.771838840406005
5	55.46814234481029
6	55.71721779982784
7	38.715528334648894
8	48.58875349826828
9	49.11768744748405
10-14	49.36886158012263
15-19	50.78393589395661
20-24	51.07970403531195
25-29	51.322037636078875
30-34	51.3587453383068
35-39	51.72917938596932
40-44	51.69994430395487
45-49	51.67902722521758
50-54	51.7755549697801
55-59	51.73759373637763
60-64	51.74885098328511
65-69	51.76911192666396
70-74	51.885145586581146
75-79	51.9017740253248
80-84	52.11910259106938
85-89	51.957749518437126
90-92	52.193376420328995
>>END_MODULE
>>Per sequence GC content	pass
#GC Content	Count
0	1908.0
1	1465.5
2	1000.0
3	1057.0
4	1243.0
5	1422.5
6	1628.5
7	1800.5
8	1968.5
9	2238.0
10	2526.0
11	2827.0
12	2981.0
13	3147.5
14	3526.0
15	4120.5
16	4976.0
17	6157.5
18	7884.0
19	10291.5
20	13784.5
21	18800.0
22	26229.0
23	37379.0
24	52346.5
25	60681.0
26	71535.0
27	96897.0
28	129324.0
29	168990.0
30	215342.0
31	267427.0
32	324120.0
33	385900.5
34	450146.0
35	513842.5
36	580310.5
37	614760.0
38	644232.0
39	708336.0
40	773091.0
41	830818.5
42	886751.0
43	936968.0
44	985746.5
45	1033173.0
46	1061884.0
47	1072277.5
48	1080338.0
49	1100047.0
50	1113915.0
51	1119798.5
52	1135954.5
53	1150260.0
54	1154037.0
55	1146175.0
56	1135265.0
57	1127868.5
58	1109119.0
59	1082703.0
60	1057327.5
61	1021813.0
62	999915.0
63	964138.0
64	887706.0
65	803488.5
66	716537.5
67	631600.0
68	540341.5
69	450852.0
70	375351.0
71	305987.5
72	245440.5
73	199916.0
74	165454.5
75	149613.0
76	133207.0
77	105945.5
78	84991.0
79	67713.0
80	54085.0
81	42293.5
82	32672.0
83	23706.5
84	16285.5
85	11226.0
86	6979.5
87	5058.0
88	4064.0
89	2512.0
90	1650.0
91	1312.0
92	1282.5
93	1313.5
94	1414.0
95	1532.0
96	1744.5
97	2181.5
98	3189.0
99	17321.5
100	30715.0
>>END_MODULE
>>Per base N content	pass
#Base	N-Count
1	0.04995342172923974
2	0.025784134843129095
3	0.0014931406661402183
4	1.484235254612543E-5
5	0.0
6	0.0
7	0.005933972547940947
8	0.0
9	0.0
10-14	0.009270533400309944
15-19	2.950659686169736E-4
20-24	0.008941626867887804
25-29	0.0031364859400472263
30-34	0.009226600036773412
35-39	0.005058273747719546
40-44	0.018864630086125423
45-49	0.001646907438518078
50-54	0.0017864255524516568
55-59	4.1677325949520213E-4
60-64	4.262723651247224E-4
65-69	6.59000453047969E-5
70-74	2.1966681768265637E-4
75-79	2.1551095896974124E-4
80-84	6.002247369653125E-4
85-89	5.699463377712166E-4
90-92	0.0020878242581549773
>>END_MODULE
>>Sequence Length Distribution	pass
#Length	Count
92	3.3687382E7
>>END_MODULE
>>Sequence Duplication Levels	fail
#Total Duplicate Percentage	63.537600547363624
#Duplication Level	Relative count
1	100.0
2	38.77187706742046
3	19.943465447765682
4	12.3100980333193
5	8.466951344199193
6	6.271726709568774
7	4.948577614723041
8	3.9778673242316716
9	3.3331328561977505
10++	42.54886630179828
>>END_MODULE
>>Overrepresented sequences	warn
#Sequence	Count	Percentage	Possible Source
GGGGGGGGGGGGGGGGGGGGGGGGGGGGGGGGGGGGGGGGGGGGGGGGGG	35837	0.10638107763909942	No Hit
>>END_MODULE
>>Kmer Content	warn
#Sequence	Count	Obs/Exp Overall	Obs/Exp Max	Max Obs/Exp Position
AAAAA	10225735	5.388051	6.109181	75-79
TTTTT	13616240	4.714975	18.149977	2
GGGGG	12022635	2.826058	8.696719	1
CCAGG	8700575	2.796108	5.0387616	2
CTTCT	7757460	2.6764483	5.2138786	6
CTCCT	7760650	2.6726744	9.886165	1
CTCCA	6972755	2.611652	8.470104	1
TCTTC	7419925	2.5599935	5.2762465	7
CCTCC	7140885	2.454757	6.395646	1
TCCTC	7056795	2.4302752	6.01524	2
CCCAG	6971565	2.4165347	6.7396955	1
TCCAG	6833705	2.3730695	5.379273	2
CTGGG	8482835	2.3239527	6.390482	1
CTTCA	5894840	2.2119453	5.0852876	6
TGGGG	7867810	1.9984044	5.056436	2
TTTTC	5655020	1.9546314	5.121167	7
CCCCA	5030085	1.8805928	7.7312512	1
CCTCT	5244135	1.8060168	5.418923	3
GGGGC	6996820	1.7739395	5.103573	2
CTCCC	5148245	1.7697656	8.278109	1
GGGGA	6204655	1.7139975	5.332509	1
GTGGG	6165310	1.5659736	5.1099563	1
TTTTG	4729470	1.5156066	5.448079	7
CCCCC	3499690	1.2008662	5.205791	1
CGGGG	4085675	1.0358621	5.929126	1
>>END_MODULE
