##FastQC	0.10.1
>>Basic Statistics	pass
#Measure	Value	
Filename	HON021020_007_R2.fastq.gz	
File type	Conventional base calls	
Encoding	Sanger / Illumina 1.9	
Total Sequences	38527287	
Filtered Sequences	0	
Sequence length	92	
%GC	51	
>>END_MODULE
>>Per base sequence quality	pass
#Base	Mean	Median	Lower Quartile	Upper Quartile	10th Percentile	90th Percentile
1	36.08139532378701	37.0	37.0	37.0	37.0	37.0
2	36.16512374722881	37.0	37.0	37.0	37.0	37.0
3	36.33631389617442	37.0	37.0	37.0	37.0	37.0
4	36.33528789608258	37.0	37.0	37.0	37.0	37.0
5	36.2817374864729	37.0	37.0	37.0	37.0	37.0
6	36.25220179661236	37.0	37.0	37.0	37.0	37.0
7	36.13428191816361	37.0	37.0	37.0	37.0	37.0
8	36.19447429558173	37.0	37.0	37.0	37.0	37.0
9	36.21106959854194	37.0	37.0	37.0	37.0	37.0
10-14	36.18214512742618	37.0	37.0	37.0	37.0	37.0
15-19	36.17709422934452	37.0	37.0	37.0	37.0	37.0
20-24	36.142855960763605	37.0	37.0	37.0	37.0	37.0
25-29	36.10504373692339	37.0	37.0	37.0	37.0	37.0
30-34	36.08333281811408	37.0	37.0	37.0	37.0	37.0
35-39	36.069899341731485	37.0	37.0	37.0	37.0	37.0
40-44	36.002100656607354	37.0	37.0	37.0	37.0	37.0
45-49	35.96633629043228	37.0	37.0	37.0	37.0	37.0
50-54	35.91677842771541	37.0	37.0	37.0	37.0	37.0
55-59	35.867970064956815	37.0	37.0	37.0	37.0	37.0
60-64	35.83075306081116	37.0	37.0	37.0	37.0	37.0
65-69	35.7970613555011	37.0	37.0	37.0	37.0	37.0
70-74	35.76528321342741	37.0	37.0	37.0	37.0	37.0
75-79	35.70917982364032	37.0	37.0	37.0	37.0	37.0
80-84	35.66510258560381	37.0	37.0	37.0	37.0	37.0
85-89	35.6396726974313	37.0	37.0	37.0	37.0	37.0
90-92	35.55581409093248	37.0	37.0	37.0	37.0	37.0
>>END_MODULE
>>Per sequence quality scores	pass
#Quality	Count
11	154.0
12	816.0
13	3372.0
14	6501.0
15	7871.0
16	7856.0
17	8078.0
18	9359.0
19	12817.0
20	19156.0
21	29551.0
22	44527.0
23	60807.0
24	79127.0
25	97762.0
26	119988.0
27	146367.0
28	180100.0
29	224181.0
30	286301.0
31	373393.0
32	509021.0
33	779264.0
34	1540406.0
35	4679631.0
36	2.3925231E7
37	5375650.0
>>END_MODULE
>>Per base sequence content	fail
#Base	G	A	T	C
1	30.77859973555907	8.178262218252447	18.83803103564733	42.20510701054115
2	30.58077815309211	7.647387722963608	31.051206208741643	30.72062791520264
3	30.558729977779564	13.093370373623525	21.385760668394717	34.9621389802022
4	31.382830707267885	17.368606034326376	20.13840685313833	31.110156405267404
5	32.00546407537079	21.37969123027012	23.485570110348025	23.129274584011068
6	30.983435194904846	22.169928549601742	22.558980080793127	24.287656174700285
7	21.737194585996704	23.958091660242673	37.77426137392194	16.53045237983869
8	24.9122264954706	19.756836239208848	32.23521292843693	23.09572433688362
9	24.807999068296713	18.19702747302191	33.142658085423975	23.8523153732574
10-14	26.166541036484105	24.504993960697057	26.579434402105683	22.749030600713155
15-19	26.390758875080657	23.652614410749234	26.02337607399204	23.933250640178073
20-24	26.348681711895257	23.715906276999757	25.654264981251995	24.281147029852995
25-29	26.357791275424518	23.71295550878413	25.41610441204636	24.513148803744997
30-34	26.24296370048061	23.72426238310971	25.371213917237224	24.661559999172454
35-39	26.51955766524195	23.65341341705269	25.07669327059801	24.750335647107345
40-44	26.527245266676008	23.743276785299983	25.01181481626688	24.717663131757128
45-49	26.54559071958952	23.69132529508919	25.02860114369482	24.73448284162647
50-54	26.59090692593112	23.73487350833637	24.887991602462208	24.7862279632703
55-59	26.43601288335556	23.731579254684526	24.916169150272218	24.9162387116877
60-64	26.45248349630169	23.70314335534664	24.94522880130807	24.899144347043602
65-69	26.528347630440045	23.71402907224726	24.93105414013491	24.82656915717778
70-74	26.617747592091696	23.811721267900907	24.73086269781735	24.839668442190046
75-79	26.66792077626526	23.915796157902108	24.637719859726328	24.778563206106305
80-84	26.890531080441544	23.807954225950596	24.56022407777035	24.74129061583751
85-89	26.949238054795032	24.023415665712665	24.435425802442065	24.591920477050238
90-92	27.285647170384316	24.082232718142436	24.111770879387574	24.520349232085675
>>END_MODULE
>>Per base GC content	fail
#Base	%GC
1	72.98370674610022
2	61.30140606829475
3	65.52086895798176
4	62.49298711253529
5	55.13473865938185
6	55.27109136960513
7	38.26764696583539
8	48.007950832354226
9	48.660314441554114
10-14	48.91557163719725
15-19	50.32400951525873
20-24	50.62982874174825
25-29	50.870940079169515
30-34	50.90452369965307
35-39	51.26989331234929
40-44	51.24490839843314
45-49	51.280073561215985
50-54	51.377134889201415
55-59	51.35225159504325
60-64	51.35162784334529
65-69	51.354916787617825
70-74	51.45741603428174
75-79	51.44648398237156
80-84	51.631821696279054
85-89	51.54115853184527
90-92	51.80599640246999
>>END_MODULE
>>Per sequence GC content	pass
#GC Content	Count
0	2937.0
1	2134.5
2	1262.5
3	1306.5
4	1501.5
5	1754.0
6	2020.5
7	2240.5
8	2514.0
9	2760.5
10	3034.0
11	3354.5
12	3499.0
13	3728.5
14	4316.5
15	4971.5
16	5819.5
17	7152.5
18	9189.0
19	12066.5
20	16101.0
21	22065.5
22	30931.5
23	43859.5
24	61754.0
25	72034.0
26	85039.5
27	115808.0
28	154880.0
29	201964.0
30	257622.5
31	318991.5
32	386188.5
33	460007.0
34	535532.0
35	610905.5
36	689601.0
37	730341.0
38	765943.5
39	843914.5
40	921447.0
41	989181.0
42	1055771.5
43	1120428.5
44	1182316.0
45	1235720.0
46	1273294.5
47	1280936.5
48	1278917.5
49	1299108.5
50	1313539.0
51	1309132.5
52	1309603.0
53	1314294.0
54	1308560.0
55	1292461.0
56	1276282.5
57	1259149.5
58	1227151.5
59	1192545.5
60	1156583.0
61	1108806.5
62	1082879.0
63	1040518.0
64	953009.5
65	862481.0
66	769235.0
67	676777.5
68	579690.5
69	483289.5
70	404791.0
71	332554.0
72	264354.5
73	215974.5
74	180178.5
75	162208.0
76	145907.5
77	117276.5
78	94132.5
79	75347.0
80	60582.5
81	47866.5
82	37319.5
83	27050.5
84	19017.5
85	13566.5
86	8181.0
87	5859.0
88	4491.5
89	2544.0
90	1687.5
91	1319.5
92	1228.0
93	1243.0
94	1345.5
95	1498.5
96	1685.5
97	2079.0
98	2977.5
99	16247.0
100	28890.0
>>END_MODULE
>>Per base N content	pass
#Base	N-Count
1	0.05095609249620924
2	0.02657596939021426
3	0.0015339777233730474
4	1.0382251934842959E-5
5	0.0
6	0.0
7	0.006356533747107602
8	0.0
9	0.0
10-14	0.009436947896175508
15-19	3.0108530611044584E-4
20-24	0.009242280672397202
25-29	0.003362811401695635
30-34	0.009510142772316151
35-39	0.005199950881566096
40-44	0.019292300545325186
45-49	0.0017670592793102716
50-54	0.001962245615685319
55-59	4.7083512524512825E-4
60-64	5.066538944203364E-4
65-69	7.267576354390072E-5
70-74	2.4190647008184098E-4
75-79	2.2166107880889718E-4
80-84	6.089190759785395E-4
85-89	5.845207839316586E-4
90-92	0.0022157456004277347
>>END_MODULE
>>Sequence Length Distribution	pass
#Length	Count
92	3.8527287E7
>>END_MODULE
>>Sequence Duplication Levels	fail
#Total Duplicate Percentage	67.34128583557015
#Duplication Level	Relative count
1	100.0
2	42.62137961820235
3	23.035212562035554
4	13.958984323713993
5	9.556757608381693
6	7.181682115379566
7	5.741406926975291
8	4.542709345377203
9	3.7943439329884727
10++	52.15187879106163
>>END_MODULE
>>Overrepresented sequences	pass
>>END_MODULE
>>Kmer Content	warn
#Sequence	Count	Obs/Exp Overall	Obs/Exp Max	Max Obs/Exp Position
AAAAA	11929820	5.3065753	6.0609326	75-79
TTTTT	15942925	4.5824614	18.334385	2
GGGGG	12780860	2.7528706	8.844905	1
CCAGG	9366375	2.6998217	5.003407	2
CTCCT	8786645	2.6453986	10.03597	1
CTTCT	8777605	2.6021461	5.085466	6
CTCCA	7867065	2.5847034	8.592796	1
TCTTC	8439075	2.5017877	5.16623	7
CCTCC	8062980	2.4653358	6.551292	1
TCCTC	8008550	2.411137	6.0764337	2
CCCAG	7679400	2.3815749	6.903428	1
TCCAG	7514620	2.29473	5.2605777	2
CTGGG	9181910	2.254204	6.3622193	1
CTTCA	6687930	2.1636016	5.066507	6
TGGGG	8731310	1.9923524	5.1732316	2
TTTTC	6568600	1.9174148	5.198479	7
CCCCA	5647570	1.8843954	8.032519	1
CCTCT	5988400	1.8029299	5.4938097	3
CTCCC	5845475	1.7873117	8.617805	1
GGGGC	7622480	1.766426	5.133069	2
GGGGA	6986870	1.7397999	5.464499	1
GTGGG	6877100	1.5692499	5.2549353	1
TTTTG	5441170	1.4762573	5.630833	7
CCCCC	4045185	1.2561204	5.554699	1
CCCCT	3995415	1.2216375	5.190848	1
CGGGG	4597665	1.0654584	6.2186155	1
>>END_MODULE
