# amplicon position	effect
1	0.000000000000000000e+00
2	0.000000000000000000e+00
3	0.000000000000000000e+00
4	0.000000000000000000e+00
5	0.000000000000000000e+00
6	0.000000000000000000e+00
7	0.000000000000000000e+00
8	0.000000000000000000e+00
9	0.000000000000000000e+00
10	0.000000000000000000e+00
11	0.000000000000000000e+00
12	0.000000000000000000e+00
13	0.000000000000000000e+00
14	0.000000000000000000e+00
15	0.000000000000000000e+00
16	0.000000000000000000e+00
17	0.000000000000000000e+00
18	0.000000000000000000e+00
19	0.000000000000000000e+00
20	9.652509652509652302e-03
21	9.652509652509652302e-03
22	9.652509652509652302e-03
23	9.652509652509652302e-03
24	2.895752895752895864e-02
25	2.895752895752895864e-02
26	9.652509652509652649e-02
27	1.254826254826254817e-01
28	1.351351351351351426e-01
29	2.702702702702702853e-01
30	3.281853281853281956e-01
31	4.054054054054054279e-01
32	4.054054054054054279e-01
33	4.054054054054054279e-01
34	4.440154440154440163e-01
35	4.922779922779922934e-01
36	5.694980694980694702e-01
37	5.888030888030888477e-01
38	5.888030888030888477e-01
39	6.081081081081081141e-01
40	6.081081081081081141e-01
41	6.370656370656370138e-01
42	6.467181467181467580e-01
43	6.949806949806950351e-01
44	6.949806949806950351e-01
45	7.335907335907335680e-01
46	7.335907335907335680e-01
47	7.335907335907335680e-01
48	7.432432432432432012e-01
49	8.011583011583011116e-01
50	8.397683397683397555e-01
51	8.397683397683397555e-01
52	8.397683397683397555e-01
53	8.397683397683397555e-01
54	8.590733590733590219e-01
55	8.687258687258687662e-01
56	8.880308880308880326e-01
57	9.169884169884170433e-01
58	9.266409266409266765e-01
59	9.942084942084942201e-01
60	9.942084942084942201e-01
61	9.942084942084942201e-01
62	1.042471042471042386e+00
63	1.042471042471042386e+00
64	1.042471042471042386e+00
65	1.042471042471042386e+00
66	1.061776061776061875e+00
67	1.100386100386100408e+00
68	1.129343629343629418e+00
69	1.254826254826254761e+00
70	1.254826254826254761e+00
71	1.554054054054053946e+00
72	1.640926640926640978e+00
73	1.640926640926640978e+00
74	1.708494208494208522e+00
75	1.718146718146718044e+00
76	1.718146718146718044e+00
77	1.718146718146718044e+00
78	1.737451737451737532e+00
79	1.737451737451737532e+00
80	2.277992277992277881e+00
81	2.287644787644787847e+00
82	2.297297297297297369e+00
83	2.297297297297297369e+00
84	2.316602316602316414e+00
85	2.393822393822393924e+00
86	2.422779922779922934e+00
87	2.422779922779922934e+00
88	2.596525096525096554e+00
89	2.702702702702702631e+00
90	2.722007722007722119e+00
91	2.895752895752895739e+00
92	2.924710424710424750e+00
93	2.924710424710424750e+00
94	3.996138996138995925e+00
95	4.266409266409266543e+00
96	4.353281853281853131e+00
97	4.527027027027027195e+00
98	4.845559845559845868e+00
99	5.019305019305019044e+00
100	5.492277992277991849e+00
101	7.548262548262548499e+00
102	7.770270270270270174e+00
103	1.005791505791505713e+01
104	1.065637065637065639e+01
105	1.114864864864864913e+01
106	1.197876447876447870e+01
107	1.918918918918918948e+01
108	2.144787644787644965e+01
109	2.951737451737451678e+01
110	3.727799227799227566e+01
111	3.004826254826254939e+01
112	2.127413127413127469e+01
113	1.856177606177606165e+01
114	1.542471042471042431e+01
115	1.411196911196911152e+01
116	1.329150579150579148e+01
117	1.288610038610038622e+01
118	8.194980694980694480e+00
119	5.849420849420849500e+00
120	4.806949806949806892e+00
121	3.416988416988417043e+00
122	3.117760617760617858e+00
123	2.963320463320463283e+00
124	2.866795366795366728e+00
125	2.741312741312741164e+00
126	2.702702702702702631e+00
127	2.509652509652509522e+00
128	2.364864864864864913e+00
129	2.306949806949806892e+00
130	2.258687258687258836e+00
131	2.200772200772200815e+00
132	2.133204633204633272e+00
133	2.133204633204633272e+00
134	2.065637065637065728e+00
135	2.055984555984556206e+00
136	1.814671814671814598e+00
137	1.766409266409266321e+00
138	1.737451737451737532e+00
139	1.689189189189189255e+00
140	1.640926640926640978e+00
141	1.611969111969111967e+00
142	1.544401544401544424e+00
143	1.525096525096525157e+00
144	1.505791505791505891e+00
145	1.496138996138996147e+00
146	1.447876447876447870e+00
147	1.447876447876447870e+00
148	1.399613899613899592e+00
149	1.216216216216216228e+00
150	1.216216216216216228e+00
151	1.158301158301158207e+00
152	1.148648648648648685e+00
153	1.148648648648648685e+00
154	1.090733590733590663e+00
155	1.090733590733590663e+00
156	1.032818532818532864e+00
157	9.555984555984555762e-01
158	9.555984555984555762e-01
159	9.459459459459459429e-01
160	8.204633204633204890e-01
161	8.011583011583011116e-01
162	8.011583011583011116e-01
163	7.239382239382239348e-01
164	7.046332046332046684e-01
165	7.046332046332046684e-01
166	7.046332046332046684e-01
167	5.405405405405405705e-01
168	5.405405405405405705e-01
169	5.115830115830115599e-01
170	5.115830115830115599e-01
171	4.729729729729729715e-01
172	4.729729729729729715e-01
173	4.729729729729729715e-01
174	4.729729729729729715e-01
175	4.729729729729729715e-01
176	4.729729729729729715e-01
177	3.861003861003861060e-01
178	3.474903474903475176e-01
179	3.281853281853281956e-01
180	3.281853281853281956e-01
181	3.281853281853281956e-01
182	3.281853281853281956e-01
183	3.281853281853281956e-01
184	3.281853281853281956e-01
185	3.088803088803088737e-01
186	3.088803088803088737e-01
187	3.088803088803088737e-01
188	3.088803088803088737e-01
189	3.088803088803088737e-01
190	3.088803088803088737e-01
191	3.088803088803088737e-01
192	3.088803088803088737e-01
193	3.088803088803088737e-01
194	3.088803088803088737e-01
195	3.088803088803088737e-01
196	3.088803088803088737e-01
197	3.088803088803088737e-01
198	3.088803088803088737e-01
199	2.702702702702702853e-01
200	1.351351351351351426e-01
201	1.254826254826254817e-01
202	9.652509652509652649e-02
203	6.756756756756757132e-02
204	6.756756756756757132e-02
205	6.756756756756757132e-02
206	6.756756756756757132e-02
207	6.756756756756757132e-02
208	6.756756756756757132e-02
209	6.756756756756757132e-02
210	5.791505791505791728e-02
211	5.791505791505791728e-02
212	5.791505791505791728e-02
213	0.000000000000000000e+00
214	0.000000000000000000e+00
215	0.000000000000000000e+00
216	0.000000000000000000e+00
217	0.000000000000000000e+00
218	0.000000000000000000e+00
219	0.000000000000000000e+00
220	0.000000000000000000e+00
221	0.000000000000000000e+00
222	0.000000000000000000e+00
223	0.000000000000000000e+00
224	0.000000000000000000e+00
225	0.000000000000000000e+00
226	0.000000000000000000e+00
227	0.000000000000000000e+00
228	0.000000000000000000e+00
229	0.000000000000000000e+00
230	0.000000000000000000e+00
231	0.000000000000000000e+00
232	0.000000000000000000e+00
233	0.000000000000000000e+00
234	0.000000000000000000e+00
235	0.000000000000000000e+00
236	0.000000000000000000e+00
237	0.000000000000000000e+00
238	0.000000000000000000e+00
239	0.000000000000000000e+00
240	0.000000000000000000e+00
241	0.000000000000000000e+00
242	0.000000000000000000e+00
243	0.000000000000000000e+00
244	0.000000000000000000e+00
245	0.000000000000000000e+00
246	0.000000000000000000e+00
247	0.000000000000000000e+00
248	0.000000000000000000e+00
249	0.000000000000000000e+00
250	0.000000000000000000e+00
251	0.000000000000000000e+00
252	0.000000000000000000e+00
253	0.000000000000000000e+00
254	0.000000000000000000e+00
255	0.000000000000000000e+00
256	0.000000000000000000e+00
257	0.000000000000000000e+00
258	0.000000000000000000e+00
259	0.000000000000000000e+00
260	0.000000000000000000e+00
261	0.000000000000000000e+00
262	0.000000000000000000e+00
263	0.000000000000000000e+00
264	0.000000000000000000e+00
265	0.000000000000000000e+00
