##FastQC	0.10.1
>>Basic Statistics	pass
#Measure	Value	
Filename	HON021020_002_R2.fastq.gz	
File type	Conventional base calls	
Encoding	Sanger / Illumina 1.9	
Total Sequences	36145270	
Filtered Sequences	0	
Sequence length	92	
%GC	51	
>>END_MODULE
>>Per base sequence quality	pass
#Base	Mean	Median	Lower Quartile	Upper Quartile	10th Percentile	90th Percentile
1	36.13881752716192	37.0	37.0	37.0	37.0	37.0
2	36.14850454845129	37.0	37.0	37.0	37.0	37.0
3	36.326635407620415	37.0	37.0	37.0	37.0	37.0
4	36.32735594449841	37.0	37.0	37.0	37.0	37.0
5	36.2688487317981	37.0	37.0	37.0	37.0	37.0
6	36.24221758476282	37.0	37.0	37.0	37.0	37.0
7	36.10994099642913	37.0	37.0	37.0	37.0	37.0
8	36.17704878120983	37.0	37.0	37.0	37.0	37.0
9	36.19733929225041	37.0	37.0	37.0	37.0	37.0
10-14	36.1700380824379	37.0	37.0	37.0	37.0	37.0
15-19	36.16915765188641	37.0	37.0	37.0	37.0	37.0
20-24	36.13794163385693	37.0	37.0	37.0	37.0	37.0
25-29	36.10094575583472	37.0	37.0	37.0	37.0	37.0
30-34	36.08424160616313	37.0	37.0	37.0	37.0	37.0
35-39	36.06912847517809	37.0	37.0	37.0	37.0	37.0
40-44	36.00165926551385	37.0	37.0	37.0	37.0	37.0
45-49	35.96300567128147	37.0	37.0	37.0	37.0	37.0
50-54	35.91475311154129	37.0	37.0	37.0	37.0	37.0
55-59	35.867655613030415	37.0	37.0	37.0	37.0	37.0
60-64	35.83075828178902	37.0	37.0	37.0	37.0	37.0
65-69	35.79530210176878	37.0	37.0	37.0	37.0	37.0
70-74	35.76381988016689	37.0	37.0	37.0	37.0	37.0
75-79	35.714928531451	37.0	37.0	37.0	37.0	37.0
80-84	35.67498591101962	37.0	37.0	37.0	37.0	37.0
85-89	35.65522214663219	37.0	37.0	37.0	37.0	37.0
90-92	35.57736712622887	37.0	37.0	37.0	37.0	37.0
>>END_MODULE
>>Per sequence quality scores	pass
#Quality	Count
11	105.0
12	691.0
13	3228.0
14	6351.0
15	7028.0
16	6652.0
17	6574.0
18	7437.0
19	10550.0
20	16093.0
21	25523.0
22	38570.0
23	53862.0
24	70895.0
25	89107.0
26	110295.0
27	136575.0
28	169810.0
29	209875.0
30	268527.0
31	350441.0
32	480211.0
33	742508.0
34	1491259.0
35	4528188.0
36	2.2281224E7
37	5033691.0
>>END_MODULE
>>Per base sequence content	fail
#Base	G	A	T	C
1	32.95126705566689	8.246152720199829	18.60420743933789	40.198372784795396
2	32.10657772045065	7.467118039379068	30.887519943922488	29.538784296247794
3	31.842884404294125	13.07560646816375	21.4241414203594	33.65736770718272
4	32.7034730551844	17.18967615813579	20.18119109100459	29.925659695675215
5	32.81440144173774	21.268603056499508	23.492581463632725	22.424414038130024
6	31.73422967929137	22.203566331085646	22.707964278590257	23.35423971103273
7	22.255982916281518	24.020100074285576	37.89010200080231	15.833815008630589
8	25.101909599789956	20.177351006092913	32.64701024504728	22.07372914906985
9	25.49545486864533	18.443591651134437	33.35571154953331	22.70524193068692
10-14	26.667793670191287	24.662313420488125	26.84086612838331	21.829026780937276
15-19	26.910634977831972	23.717541169725827	26.42504304905053	22.946780803391675
20-24	26.927659708973223	23.827949442181566	25.96047032252215	23.283920526323058
25-29	26.829966932791173	23.833260816165417	25.765497872005877	23.571274379037536
30-34	26.654410904127644	23.851998414029584	25.772479096981872	23.7211115848609
35-39	26.924398135114412	23.77487032468474	25.471045654266895	23.82968588593395
40-44	26.97910915440384	23.827041772299495	25.3243886015536	23.869460471743068
45-49	27.062230176389455	23.78263996471332	25.362440268999727	23.792689589897495
50-54	27.14376899680071	23.826998315902088	25.098716756178028	23.930515931119174
55-59	26.887933869034885	23.87328022059355	25.18677220012069	24.05201371025088
60-64	26.89436457414744	23.67545869617918	25.336786437474007	24.093390292199373
65-69	27.03047672748418	23.78727397552944	25.338342146995952	23.843907149990425
70-74	26.983014460113274	23.985513841759737	25.062723023856996	23.968748674269992
75-79	27.078417741249538	24.016863876873458	25.009212291273737	23.895506090603263
80-84	27.304594732713767	23.89625575609951	24.965905427512876	23.833244083673844
85-89	27.366166499138885	24.079152040113133	24.730157375300198	23.824524085447784
90-92	27.583763858737253	24.21492178609174	24.36805541466006	23.833258940510948
>>END_MODULE
>>Per base GC content	fail
#Base	%GC
1	73.14963984046227
2	61.64536201669845
3	65.50025211147684
4	62.62913275085962
5	55.23881547986777
6	55.0884693903241
7	38.089797924912105
8	47.17563874885981
9	48.20069679933225
10-14	48.49682045112856
15-19	49.857415781223644
20-24	50.21158023529628
25-29	50.401241311828706
30-34	50.375522488988544
35-39	50.754084021048364
40-44	50.84856962614691
45-49	50.854919766286955
50-54	51.07428492791989
55-59	50.93994757928576
60-64	50.98775486634681
65-69	50.87438387747461
70-74	50.95176313438326
75-79	50.97392383185281
80-84	51.137838816387614
85-89	51.190690584586676
90-92	51.4170227992482
>>END_MODULE
>>Per sequence GC content	warn
#GC Content	Count
0	3253.0
1	2323.0
2	1314.0
3	1275.0
4	1312.0
5	1405.5
6	1604.5
7	1782.0
8	1942.5
9	2170.5
10	2415.0
11	2698.0
12	2879.0
13	3050.5
14	3424.5
15	3879.5
16	4665.5
17	5784.0
18	7265.0
19	9374.0
20	12345.0
21	16772.0
22	23346.5
23	32482.5
24	44779.0
25	51845.0
26	61403.5
27	83516.0
28	111833.5
29	147420.5
30	191158.0
31	243795.0
32	311069.0
33	386323.0
34	461236.0
35	534919.0
36	620465.0
37	670538.0
38	711599.0
39	806100.0
40	907481.5
41	1005694.5
42	1109100.5
43	1202074.0
44	1279329.5
45	1339774.5
46	1377563.0
47	1383223.0
48	1365342.0
49	1368290.5
50	1380020.0
51	1351145.0
52	1303720.0
53	1264262.5
54	1238533.0
55	1204232.5
56	1162246.5
57	1136539.0
58	1102108.5
59	1063089.5
60	1011970.0
61	948033.5
62	917428.0
63	870701.5
64	780591.5
65	699110.0
66	622442.5
67	546022.5
68	465388.0
69	388887.5
70	330290.5
71	273337.5
72	215185.5
73	177347.5
74	148886.0
75	132183.0
76	121843.5
77	100762.5
78	83429.5
79	68874.5
80	56797.0
81	47253.0
82	38541.5
83	29745.0
84	23289.0
85	18319.0
86	11597.5
87	8905.0
88	6853.0
89	4136.0
90	2572.0
91	1425.0
92	1097.0
93	1053.5
94	1135.5
95	1192.5
96	1246.0
97	1445.0
98	2008.0
99	10022.0
100	17630.0
>>END_MODULE
>>Per base N content	pass
#Base	N-Count
1	0.051572446408617224
2	0.026490326396787185
3	0.0015078044789816206
4	1.383306861451028E-5
5	0.0
6	0.0
7	0.006415777223409868
8	0.0
9	0.0
10-14	0.009443005959009298
15-19	2.9270773188303753E-4
20-24	0.009215036988242168
25-29	0.003278990584383517
30-34	0.00929582210895091
35-39	0.005211746931202893
40-44	0.019262824707077856
45-49	0.0017662062007006724
50-54	0.0019283297648627332
55-59	4.681110419150279E-4
60-64	4.6589775093670627E-4
65-69	6.750537483881016E-5
70-74	2.4844191231660466E-4
75-79	2.268623252779686E-4
80-84	6.10868310016774E-4
85-89	6.103149872721936E-4
90-92	0.0022225130240646515
>>END_MODULE
>>Sequence Length Distribution	pass
#Length	Count
92	3.614527E7
>>END_MODULE
>>Sequence Duplication Levels	fail
#Total Duplicate Percentage	69.37646731128885
#Duplication Level	Relative count
1	100.0
2	38.850051975051976
3	20.209199584199585
4	12.51039501039501
5	8.902027027027026
6	6.416320166320166
7	5.3170478170478175
8	4.399688149688149
9	3.623960498960499
10++	59.646569646569645
>>END_MODULE
>>Overrepresented sequences	pass
>>END_MODULE
>>Kmer Content	warn
#Sequence	Count	Obs/Exp Overall	Obs/Exp Max	Max Obs/Exp Position
AAAAA	10183765	4.7364	5.5387216	70-74
TTTTT	14740605	4.237511	17.032156	2
CTCCT	7759945	2.7181787	9.886256	1
CCTCC	7154835	2.6768677	6.8991575	1
CTCCA	6836035	2.6364074	8.866606	1
CTTCT	7816250	2.5633614	5.2299204	6
TCCTC	6980580	2.4451802	6.130467	2
GGGGG	11308585	2.3637426	8.740946	1
CCCAG	6490180	2.348466	6.8531184	1
CTTCA	6050400	2.1846626	5.471891	6
TCCAG	6286835	2.129863	5.0095005	2
CCCCA	4871830	2.0068195	8.459264	1
CTGGG	7660495	1.9427557	5.631704	1
CTCCC	4993605	1.8682779	9.209199	1
CCTCT	5221420	1.8289759	5.709758	3
TTTTC	5854360	1.7975578	5.103623	7
CCCAC	4086405	1.6832848	5.2579317	1
GGGGC	7009050	1.6677837	5.305524	2
GGGGA	6746110	1.6546836	5.436955	1
GTGGG	6625870	1.4760993	5.301086	1
CCCCC	3593120	1.435843	6.1384225	1
TTTTG	5067585	1.3668343	5.274194	7
CCCCT	3421130	1.2799613	5.1906753	1
CGGGG	4521965	1.075989	6.395369	1
>>END_MODULE
