##FastQC	0.10.1
>>Basic Statistics	pass
#Measure	Value	
Filename	HON021020_007_R1.fastq.gz	
File type	Conventional base calls	
Encoding	Sanger / Illumina 1.9	
Total Sequences	38527287	
Filtered Sequences	0	
Sequence length	51	
%GC	51	
>>END_MODULE
>>Per base sequence quality	pass
#Base	Mean	Median	Lower Quartile	Upper Quartile	10th Percentile	90th Percentile
1	36.5009228913523	37.0	37.0	37.0	37.0	37.0
2	36.49824689187173	37.0	37.0	37.0	37.0	37.0
3	36.51274653727889	37.0	37.0	37.0	37.0	37.0
4	36.53866157251093	37.0	37.0	37.0	37.0	37.0
5	36.57854208628809	37.0	37.0	37.0	37.0	37.0
6	36.549941370125545	37.0	37.0	37.0	37.0	37.0
7	36.531870256008425	37.0	37.0	37.0	37.0	37.0
8	36.588586707390014	37.0	37.0	37.0	37.0	37.0
9	36.58515303711886	37.0	37.0	37.0	37.0	37.0
10	36.56901304781725	37.0	37.0	37.0	37.0	37.0
11	36.58588804864459	37.0	37.0	37.0	37.0	37.0
12	36.57058523222774	37.0	37.0	37.0	37.0	37.0
13	36.548996273731916	37.0	37.0	37.0	37.0	37.0
14	36.53764032229936	37.0	37.0	37.0	37.0	37.0
15	36.53937369117114	37.0	37.0	37.0	37.0	37.0
16	36.53958844805241	37.0	37.0	37.0	37.0	37.0
17	36.5371889538965	37.0	37.0	37.0	37.0	37.0
18	36.53220536914525	37.0	37.0	37.0	37.0	37.0
19	36.52988888109355	37.0	37.0	37.0	37.0	37.0
20	36.533406180404036	37.0	37.0	37.0	37.0	37.0
21	36.51559885335295	37.0	37.0	37.0	37.0	37.0
22	36.500843233524336	37.0	37.0	37.0	37.0	37.0
23	36.48262502885293	37.0	37.0	37.0	37.0	37.0
24	36.47580459013374	37.0	37.0	37.0	37.0	37.0
25	36.47621694722496	37.0	37.0	37.0	37.0	37.0
26	36.4611800462358	37.0	37.0	37.0	37.0	37.0
27	36.44408556460257	37.0	37.0	37.0	37.0	37.0
28	36.43724550342722	37.0	37.0	37.0	37.0	37.0
29	36.42332871764368	37.0	37.0	37.0	37.0	37.0
30	36.42183268705113	37.0	37.0	37.0	37.0	37.0
31	36.402991028151035	37.0	37.0	37.0	37.0	37.0
32	36.41152985934359	37.0	37.0	37.0	37.0	37.0
33	36.39977642339571	37.0	37.0	37.0	37.0	37.0
34	36.3980195387233	37.0	37.0	37.0	37.0	37.0
35	36.39692740368664	37.0	37.0	37.0	37.0	37.0
36	36.392229097262934	37.0	37.0	37.0	37.0	37.0
37	36.38511683939749	37.0	37.0	37.0	37.0	37.0
38	36.368292919249676	37.0	37.0	37.0	37.0	37.0
39	36.36847058553591	37.0	37.0	37.0	37.0	37.0
40	36.366725354941295	37.0	37.0	37.0	37.0	37.0
41	36.35673072438244	37.0	37.0	37.0	37.0	37.0
42	36.344763310222184	37.0	37.0	37.0	37.0	37.0
43	36.3454877058953	37.0	37.0	37.0	37.0	37.0
44	36.34106421768031	37.0	37.0	37.0	37.0	37.0
45	36.328565829200485	37.0	37.0	37.0	37.0	37.0
46	36.327444286435224	37.0	37.0	37.0	37.0	37.0
47	36.32484298725732	37.0	37.0	37.0	37.0	37.0
48	36.320263479751375	37.0	37.0	37.0	37.0	37.0
49	36.311647949672654	37.0	37.0	37.0	37.0	37.0
50	36.31054161690648	37.0	37.0	37.0	37.0	37.0
51	36.25466355832426	37.0	37.0	37.0	37.0	37.0
>>END_MODULE
>>Per sequence quality scores	pass
#Quality	Count
14	1.0
15	6.0
16	17.0
17	37.0
18	83.0
19	159.0
20	428.0
21	1036.0
22	2479.0
23	5794.0
24	11867.0
25	24843.0
26	42667.0
27	76048.0
28	112321.0
29	176384.0
30	231424.0
31	318807.0
32	393532.0
33	524844.0
34	732305.0
35	1652752.0
36	1.4799959E7
37	1.9419494E7
>>END_MODULE
>>Per base sequence content	warn
#Base	G	A	T	C
1	31.043085865417837	17.028136606979334	15.82093416482506	36.10784336277778
2	29.704503337145177	17.3823666164884	27.814056701915984	25.09907334445044
3	23.64931898786437	22.281747998502983	27.9338926719652	26.135040341667455
4	25.008817776346408	29.449158981788674	21.561616835361388	23.980406406503526
5	28.723348726838722	30.656100960340133	19.526293143869694	21.09425716895145
6	23.413307041318536	34.11884932359758	19.541064492809994	22.92677914227389
7	22.197443260350497	18.254771207594995	33.92273767527262	25.62504785678188
8	23.059892589893497	21.047199612056776	24.313962205540193	31.578945592509537
9	24.3274409641146	20.5253824386856	25.068855743722622	30.078320853477177
10	24.138053115445164	32.68531469656818	21.02929022746917	22.14734196051749
11	27.32815886685107	23.812530956979366	19.16736247275533	29.691947703414236
12	26.291368504613366	21.75312525898852	23.353414425469406	28.602091810928705
13	24.285636604197936	24.238825611206607	24.741658993531207	26.733878791064253
14	24.849541053851002	24.561864426114404	24.394816588045767	26.193777931988826
15	25.263033963312566	24.630972224359958	24.06717385920806	26.038819953119415
16	25.471676736542598	24.196951630671528	23.63594145624632	26.695430176539553
17	25.504230287484297	24.597112171433196	23.20481065796302	26.693846883119488
18	25.031741788618543	25.415205072706005	23.51154390912602	26.041509229549437
19	25.462714493581696	24.72984457836801	23.443554701750497	26.363886226299794
20	25.73295908429784	24.707361304729293	23.01054834201017	26.549131268962693
21	24.99555444949965	25.235778994768044	23.61578171855184	26.152884837180462
22	25.214692641088384	24.92032724754276	23.53661445198568	26.32836565938318
23	25.603448278099624	24.878089651108837	23.192154692854444	26.3263073779371
24	25.091750620210206	25.231088325512896	23.562298486837634	26.11486256743926
25	25.341914160734962	24.610515658681077	23.36118554104264	26.686384639541323
26	25.57225956719697	24.546362898468388	23.058590808090436	26.822786726244203
27	25.083344879270165	24.9814352237125	23.528157801610714	26.407062095406626
28	25.343531196473812	24.605539964441306	23.445105283431975	26.605823555652908
29	25.731780698703233	24.633102247765333	23.129194121558573	26.505922931972865
30	25.193839888077246	25.15556312075646	23.452038032161465	26.19855895900482
31	25.038464380801017	24.82963938654994	23.555708023778987	26.576188208870054
32	25.337264502877815	24.87525812121627	23.232385054443828	26.555092321462087
33	24.824654795963184	25.21449018717565	23.673997600713488	26.28685741614768
34	25.211795992798557	24.836041530772725	23.415567776677346	26.536594699751376
35	25.536288937087015	24.728433912702354	23.072370435698147	26.662906714512484
36	25.20432077140547	25.001459355287594	23.413332996948373	26.380886876358566
37	25.310590439339165	24.553649006309154	23.333938882326827	26.801821672024857
38	25.60634502325398	24.516741540227255	22.988977248679763	26.887936187839003
39	25.063280421764272	24.93622122544743	23.4664309042684	26.5340674485199
40	25.325281793135346	24.671807282978424	23.35159753138081	26.651313392505422
41	25.601610619507152	24.760899982394296	23.086940951746744	26.5505484463518
42	25.00739021670537	25.229759884208818	23.481500267589567	26.28134963149624
43	25.00167414485978	24.878921690822978	23.463892926159154	26.655511238158088
44	25.449832478471684	24.758429006433804	23.2409045568145	26.550833958280013
45	25.001470463718068	25.060104717782323	23.587058278798985	26.351366539700628
46	25.19108742333	24.700713497216118	23.399817219709853	26.70838185974403
47	25.582908892681345	24.583394732830357	23.196137720069014	26.637558654419287
48	25.15223064173526	25.0141741039128	23.46471606563266	26.368879188719273
49	25.29627603810566	24.63024158619141	23.324223377285186	26.74925899841775
50	25.582071040823674	24.631048211686814	23.029467761732107	26.757412985757405
51	24.92219780904337	25.091901558795172	23.509966503618934	26.475934128542523
>>END_MODULE
>>Per base GC content	fail
#Base	%GC
1	67.15092922819561
2	54.803576681595615
3	49.78435932953182
4	48.98922418284994
5	49.81760589579017
6	46.34008618359242
7	47.82249111713238
8	54.638838182403035
9	54.40576181759178
10	46.285395075962654
11	57.020106570265305
12	54.89346031554207
13	51.01951539526218
14	51.043318985839825
15	51.30185391643198
16	52.16710691308215
17	52.19807717060378
18	51.07325101816797
19	51.82660071988149
20	52.282090353260536
21	51.148439286680116
22	51.54305830047156
23	51.929755656036725
24	51.206613187649474
25	52.02829880027628
26	52.39504629344117
27	51.49040697467678
28	51.94935475212672
29	52.2377036306761
30	51.39239884708206
31	51.614652589671074
32	51.8923568243399
33	51.11151221211087
34	51.748390692549926
35	52.1991956515995
36	51.585207647764044
37	52.112412111364016
38	52.49428121109298
39	51.597347870284175
40	51.97659518564076
41	52.15215906585896
42	51.288739848201615
43	51.65718538301787
44	52.0006664367517
45	51.35283700341869
46	51.899469283074026
47	52.220467547100625
48	51.521109830454535
49	52.045535036523404
50	52.339484026581076
51	51.3981319375859
>>END_MODULE
>>Per sequence GC content	pass
#GC Content	Count
0	7949.0
1	4672.0
2	1395.0
3	1237.5
4	1080.0
5	1202.5
6	1325.0
7	1674.5
8	2024.0
9	2782.0
10	3540.0
11	4900.5
12	6261.0
13	8960.5
14	11660.0
15	16345.0
16	21030.0
17	29880.0
18	38730.0
19	53362.0
20	67994.0
21	90254.0
22	112514.0
23	144822.5
24	177131.0
25	227839.5
26	340825.0
27	403102.0
28	474550.0
29	545998.0
30	634812.0
31	723626.0
32	829238.0
33	934850.0
34	1042296.5
35	1149743.0
36	1244006.0
37	1338269.0
38	1415494.5
39	1492720.0
40	1584928.0
41	1677136.0
42	1762557.5
43	1847979.0
44	1885445.0
45	1922911.0
46	1971911.5
47	2020912.0
48	2046245.5
49	2071579.0
50	2109437.0
51	2147295.0
52	2171780.5
53	2196266.0
54	2192491.0
55	2188716.0
56	2185551.0
57	2182386.0
58	2143458.5
59	2104531.0
60	2044904.5
61	1985278.0
62	1882050.0
63	1778822.0
64	1667347.5
65	1555873.0
66	1441018.5
67	1326164.0
68	1205635.5
69	1085107.0
70	969750.0
71	854393.0
72	743421.0
73	632449.0
74	556590.0
75	420272.5
76	359814.0
77	309528.5
78	259243.0
79	221018.0
80	182793.0
81	158173.5
82	133554.0
83	113576.0
84	93598.0
85	75648.0
86	57698.0
87	43932.0
88	30166.0
89	23504.5
90	16843.0
91	14116.0
92	11389.0
93	7262.0
94	3135.0
95	1913.0
96	691.0
97	476.5
98	262.0
99	173.0
100	84.0
>>END_MODULE
>>Per base N content	pass
#Base	N-Count
1	0.028886020445716826
2	0.09306131521796487
3	0.0
4	0.0
5	0.0
6	0.0
7	0.0022763087367143188
8	0.0
9	0.0
10	0.0
11	7.786688951132219E-5
12	0.0
13	3.1146755804528876E-5
14	0.0
15	9.863139338100812E-5
16	0.0
17	0.0
18	0.0
19	0.0017338360731187742
20	0.0
21	0.0
22	0.0
23	0.0
24	7.008020056018998E-5
25	0.0
26	3.8933444755661094E-5
27	6.48890745927685E-5
28	0.0
29	0.0
30	0.0
31	0.006966491048279626
32	8.565357846245442E-4
33	0.0
34	0.0
35	5.217081597258587E-4
36	0.0
37	6.852286276996353E-4
38	8.721091625268086E-4
39	9.421893630869986E-4
40	0.0
41	0.0
42	0.0
43	4.0231226247516464E-4
44	0.0
45	0.005256015042014248
46	4.075033884425862E-4
47	0.00589192797302338
48	0.002704576629026591
49	0.006237137849856908
50	8.046245249503294E-5
51	0.0019129299189948152
>>END_MODULE
>>Sequence Length Distribution	pass
#Length	Count
51	3.8527287E7
>>END_MODULE
>>Sequence Duplication Levels	fail
#Total Duplicate Percentage	70.50783330421852
#Duplication Level	Relative count
1	100.0
2	49.16280212080498
3	28.07610627139947
4	17.64833355003684
5	12.045825568124359
6	8.803941114433899
7	6.665799852641616
8	5.280342102601887
9	4.345627645588639
10++	56.90923012467675
>>END_MODULE
>>Overrepresented sequences	pass
>>END_MODULE
>>Kmer Content	fail
#Sequence	Count	Obs/Exp Overall	Obs/Exp Max	Max Obs/Exp Position
TTTTT	6843230	5.386713	13.78201	2
AAAAA	5143795	3.1338577	4.3783693	10
CCTGG	5179965	2.6846716	5.2305846	1
GAAGA	4460620	2.5612707	6.705779	2
GAAAA	3447705	2.039192	5.8708973	2
GGAAG	3623295	2.0197437	5.6435604	1
GGAAA	3063385	1.7589837	5.439205	1
>>END_MODULE
