##FastQC	0.10.1
>>Basic Statistics	pass
#Measure	Value	
Filename	HON021020_003_R2.fastq.gz	
File type	Conventional base calls	
Encoding	Sanger / Illumina 1.9	
Total Sequences	36405308	
Filtered Sequences	0	
Sequence length	92	
%GC	52	
>>END_MODULE
>>Per base sequence quality	pass
#Base	Mean	Median	Lower Quartile	Upper Quartile	10th Percentile	90th Percentile
1	36.18528320101014	37.0	37.0	37.0	37.0	37.0
2	36.19759121389661	37.0	37.0	37.0	37.0	37.0
3	36.353239862714524	37.0	37.0	37.0	37.0	37.0
4	36.352412812988696	37.0	37.0	37.0	37.0	37.0
5	36.29693713894688	37.0	37.0	37.0	37.0	37.0
6	36.2670611659157	37.0	37.0	37.0	37.0	37.0
7	36.14237099710844	37.0	37.0	37.0	37.0	37.0
8	36.203726225856954	37.0	37.0	37.0	37.0	37.0
9	36.22252178171381	37.0	37.0	37.0	37.0	37.0
10-14	36.199283956064875	37.0	37.0	37.0	37.0	37.0
15-19	36.1977393351541	37.0	37.0	37.0	37.0	37.0
20-24	36.1626609119747	37.0	37.0	37.0	37.0	37.0
25-29	36.12808744812707	37.0	37.0	37.0	37.0	37.0
30-34	36.10598654459948	37.0	37.0	37.0	37.0	37.0
35-39	36.09234166072706	37.0	37.0	37.0	37.0	37.0
40-44	36.02597743713636	37.0	37.0	37.0	37.0	37.0
45-49	35.98418122983604	37.0	37.0	37.0	37.0	37.0
50-54	35.93571846720813	37.0	37.0	37.0	37.0	37.0
55-59	35.88346925673585	37.0	37.0	37.0	37.0	37.0
60-64	35.847090649528354	37.0	37.0	37.0	37.0	37.0
65-69	35.80626519077932	37.0	37.0	37.0	37.0	37.0
70-74	35.782572942385215	37.0	37.0	37.0	37.0	37.0
75-79	35.72709200537461	37.0	37.0	37.0	37.0	37.0
80-84	35.69999398439371	37.0	37.0	37.0	37.0	37.0
85-89	35.67199387517886	37.0	37.0	37.0	37.0	37.0
90-92	35.595532717371874	37.0	37.0	37.0	37.0	37.0
>>END_MODULE
>>Per sequence quality scores	pass
#Quality	Count
10	1.0
11	163.0
12	977.0
13	4055.0
14	7197.0
15	8060.0
16	7459.0
17	7700.0
18	9006.0
19	12192.0
20	18773.0
21	28885.0
22	42515.0
23	57680.0
24	74990.0
25	91488.0
26	110913.0
27	134081.0
28	166730.0
29	213782.0
30	280054.0
31	357169.0
32	471234.0
33	708307.0
34	1387027.0
35	4174607.0
36	2.2408153E7
37	5622110.0
>>END_MODULE
>>Per base sequence content	fail
#Base	G	A	T	C
1	32.12804580399134	8.503231043388439	18.700133219013168	40.66858993360706
2	31.327156970328463	7.553289106866104	30.751929347555063	30.367624575250375
3	31.471325614019474	12.741287616272473	21.389547913887156	34.39783885582089
4	32.174367563978244	16.607761786792434	20.290057742411868	30.927812906817447
5	32.62657192736839	20.69112009710232	23.387735107199205	23.29457286833008
6	32.039511930512994	21.64097334377723	22.261852584793402	24.057662140916374
7	22.69764755141375	23.83031225498246	37.11031171436777	16.361728479236028
8	25.530996743661667	19.988697801979864	31.967846556881213	22.51245889747726
9	25.455027052648475	18.314590278978	32.8137396887289	23.416642979644617
10-14	26.894559543398834	24.047359038981263	26.36269560865445	22.695385808965455
15-19	27.06778217835174	23.253266732445912	25.824580128807202	23.854370960395148
20-24	27.025168277270673	23.288307296513445	25.424576001714193	24.261948424501693
25-29	27.0265870262063	23.36752645147832	25.15497247851884	24.45091404379654
30-34	26.96333923596212	23.293061398510957	25.164841027354097	24.57875833817283
35-39	27.174087376143145	23.22261798790031	24.89464024185643	24.70865439410011
40-44	27.173828346753766	23.370030302807347	24.813065871905206	24.643075478533678
45-49	27.105238230505886	23.35019383824984	24.85352845870697	24.69103947253731
50-54	27.19017170290651	23.297759582330745	24.74849877407572	24.763569940687024
55-59	26.99858744111532	23.356702526038	24.759921520087005	24.884788512759677
60-64	27.12694949205502	23.281491363688254	24.76167750451832	24.829881639738403
65-69	27.079487267992235	23.37004396126129	24.75623631664807	24.794232454098402
70-74	27.205911021264402	23.48535340335169	24.514451569644624	24.794284005739286
75-79	27.320466272392142	23.49130728108863	24.420747456194917	24.767478990324314
80-84	27.58097880928494	23.37603885004441	24.297146966207674	24.74583537446298
85-89	27.596982387201475	23.58738700496393	24.243611089291818	24.572019518542774
90-92	27.867963405886915	23.658158351514214	23.973200525004057	24.500677717594815
>>END_MODULE
>>Per base GC content	fail
#Base	%GC
1	72.7966357375984
2	61.694781545578834
3	65.86916446984037
4	63.1021804707957
5	55.921144795698474
6	56.097174071429365
7	39.05937603064978
8	48.04345564113892
9	48.87167003229309
10-14	49.58994535236428
15-19	50.922153138746886
20-24	51.28711670177236
25-29	51.47750107000284
30-34	51.54209757413495
35-39	51.88274177024326
40-44	51.81690382528744
45-49	51.796277703043195
50-54	51.953741643593546
55-59	51.88337595387499
60-64	51.95683113179342
65-69	51.87371972209064
70-74	52.000195027003684
75-79	52.08794526271645
80-84	52.32681418374791
85-89	52.16900190574425
90-92	52.36864112348173
>>END_MODULE
>>Per sequence GC content	pass
#GC Content	Count
0	1814.0
1	1422.0
2	1076.5
3	1129.0
4	1227.5
5	1471.0
6	1674.0
7	1842.0
8	2071.5
9	2284.5
10	2534.0
11	2797.5
12	2911.0
13	3194.5
14	3637.0
15	4105.5
16	4903.0
17	6192.5
18	7913.0
19	10203.5
20	13581.5
21	18667.0
22	25976.5
23	36756.0
24	50740.5
25	58176.0
26	68624.5
27	92499.0
28	123621.0
29	161677.0
30	206479.0
31	257833.0
32	317460.0
33	383720.5
34	450865.0
35	519446.0
36	591932.5
37	629437.0
38	662607.5
39	735860.5
40	813438.5
41	886722.5
42	962723.0
43	1033040.0
44	1097854.5
45	1153807.5
46	1185165.5
47	1193647.0
48	1199106.5
49	1227786.0
50	1249373.0
51	1249139.0
52	1257156.0
53	1269185.5
54	1279629.0
55	1272163.0
56	1248188.0
57	1235100.5
58	1213590.5
59	1181483.0
60	1147554.0
61	1101926.5
62	1076387.0
63	1040535.0
64	962613.5
65	869602.5
66	770365.0
67	676101.5
68	576804.0
69	481429.5
70	399867.5
71	322181.5
72	257222.0
73	210886.5
74	172847.5
75	154353.0
76	137715.5
77	110715.0
78	90877.0
79	74176.0
80	59282.0
81	45659.5
82	35264.0
83	25734.0
84	17785.5
85	12398.0
86	7763.0
87	5656.0
88	4465.0
89	2694.5
90	1783.5
91	1459.0
92	1424.0
93	1425.0
94	1527.0
95	1679.0
96	1904.0
97	2429.5
98	3592.0
99	18971.0
100	33581.0
>>END_MODULE
>>Per base N content	pass
#Base	N-Count
1	0.05111891925210466
2	0.02597148745452174
3	0.0014228694343143588
4	1.3734260948980297E-5
5	0.0
6	0.0
7	0.006323253740910529
8	0.0
9	0.0
10-14	0.009349735483627827
15-19	2.950119251840968E-4
20-24	0.009155258348590265
25-29	0.0032934757755654753
30-34	0.009471146350416813
35-39	0.0051997911952839405
40-44	0.01894833577565118
45-49	0.0017173319890604966
50-54	0.0019068647901564245
55-59	4.6916235401716695E-4
60-64	5.05420802922475E-4
65-69	7.85599726281673E-5
70-74	2.554572536510335E-4
75-79	2.2414313868735844E-4
80-84	6.103505565726844E-4
85-89	5.856288868645199E-4
90-92	0.0020985950730041895
>>END_MODULE
>>Sequence Length Distribution	pass
#Length	Count
92	3.6405308E7
>>END_MODULE
>>Sequence Duplication Levels	fail
#Total Duplicate Percentage	68.36136917013637
#Duplication Level	Relative count
1	100.0
2	43.88254706773426
3	23.436485609175502
4	14.100032460506384
5	9.95320276996321
6	7.502434537978792
7	5.9930209911274614
8	4.695953256870808
9	3.995347327418308
10++	56.94519584505518
>>END_MODULE
>>Overrepresented sequences	warn
#Sequence	Count	Percentage	Possible Source
GGGGGGGGGGGGGGGGGGGGGGGGGGGGGGGGGGGGGGGGGGGGGGGGGG	38650	0.1061658371356177	No Hit
>>END_MODULE
>>Kmer Content	warn
#Sequence	Count	Obs/Exp Overall	Obs/Exp Max	Max Obs/Exp Position
AAAAA	10391405	5.3203435	6.376325	70-74
TTTTT	14306125	4.520934	19.060255	2
GGGGG	14043175	2.834038	8.864975	1
CTCCT	8509595	2.780446	10.000477	1
CTTCT	8442965	2.728145	5.211944	6
CTCCA	7553525	2.7181103	8.696304	1
TCTTC	8036165	2.596697	5.257707	7
CCTCC	7802100	2.5778055	6.7126937	1
TCCTC	7679310	2.5091567	6.270238	2
TCCAG	7401095	2.4078372	5.4571204	2
CCCAG	7288900	2.3978732	6.571823	1
CTTCA	6360525	2.2634833	5.1564612	6
CTGGG	8909765	2.1754348	5.8838434	1
CCCCA	5355235	1.9486285	8.041464	1
TGGGG	8785900	1.9394555	5.0961323	2
TTTTC	5962015	1.9051639	5.6010723	7
CCTCT	5598565	1.8292887	5.5353065	3
CTCCC	5434550	1.7955698	8.474293	1
GGGGC	7724570	1.7242529	5.0242887	2
GGGGA	6975545	1.6958346	5.3172226	1
GTGGG	6935460	1.5309776	5.549985	1
TTTTG	5022740	1.451088	5.961841	7
CCCCC	3791500	1.2667265	5.6793118	1
CCCCT	3820865	1.2624099	5.2132263	1
CGGGG	4602695	1.0273983	5.766978	1
>>END_MODULE
