##FastQC	0.10.1
>>Basic Statistics	pass
#Measure	Value	
Filename	HON021020_006_R1.fastq.gz	
File type	Conventional base calls	
Encoding	Sanger / Illumina 1.9	
Total Sequences	33687382	
Filtered Sequences	0	
Sequence length	51	
%GC	52	
>>END_MODULE
>>Per base sequence quality	pass
#Base	Mean	Median	Lower Quartile	Upper Quartile	10th Percentile	90th Percentile
1	36.494744382332826	37.0	37.0	37.0	37.0	37.0
2	36.49170309524201	37.0	37.0	37.0	37.0	37.0
3	36.50644493537669	37.0	37.0	37.0	37.0	37.0
4	36.533971859255786	37.0	37.0	37.0	37.0	37.0
5	36.57362486642625	37.0	37.0	37.0	37.0	37.0
6	36.54504757894217	37.0	37.0	37.0	37.0	37.0
7	36.525711407315654	37.0	37.0	37.0	37.0	37.0
8	36.58377454205257	37.0	37.0	37.0	37.0	37.0
9	36.57758177824564	37.0	37.0	37.0	37.0	37.0
10	36.5608494598957	37.0	37.0	37.0	37.0	37.0
11	36.577767960715974	37.0	37.0	37.0	37.0	37.0
12	36.56481088379026	37.0	37.0	37.0	37.0	37.0
13	36.54191812827723	37.0	37.0	37.0	37.0	37.0
14	36.53183521355266	37.0	37.0	37.0	37.0	37.0
15	36.53231275140348	37.0	37.0	37.0	37.0	37.0
16	36.53401264604059	37.0	37.0	37.0	37.0	37.0
17	36.530916115713595	37.0	37.0	37.0	37.0	37.0
18	36.52398788365329	37.0	37.0	37.0	37.0	37.0
19	36.522044574434425	37.0	37.0	37.0	37.0	37.0
20	36.52520845935727	37.0	37.0	37.0	37.0	37.0
21	36.507035007944516	37.0	37.0	37.0	37.0	37.0
22	36.49203746376017	37.0	37.0	37.0	37.0	37.0
23	36.47446874915955	37.0	37.0	37.0	37.0	37.0
24	36.466189417746975	37.0	37.0	37.0	37.0	37.0
25	36.46738722528215	37.0	37.0	37.0	37.0	37.0
26	36.4511567268718	37.0	37.0	37.0	37.0	37.0
27	36.43475040595318	37.0	37.0	37.0	37.0	37.0
28	36.42861009502015	37.0	37.0	37.0	37.0	37.0
29	36.41304290134508	37.0	37.0	37.0	37.0	37.0
30	36.41143048753388	37.0	37.0	37.0	37.0	37.0
31	36.39546305498005	37.0	37.0	37.0	37.0	37.0
32	36.40178156319776	37.0	37.0	37.0	37.0	37.0
33	36.387086892059465	37.0	37.0	37.0	37.0	37.0
34	36.387070149885794	37.0	37.0	37.0	37.0	37.0
35	36.38552506098574	37.0	37.0	37.0	37.0	37.0
36	36.37972971601058	37.0	37.0	37.0	37.0	37.0
37	36.37232252123362	37.0	37.0	37.0	37.0	37.0
38	36.35677085265932	37.0	37.0	37.0	37.0	37.0
39	36.354358554784696	37.0	37.0	37.0	37.0	37.0
40	36.355149295958945	37.0	37.0	37.0	37.0	37.0
41	36.34531386262073	37.0	37.0	37.0	37.0	37.0
42	36.33333828078418	37.0	37.0	37.0	37.0	37.0
43	36.33415556008478	37.0	37.0	37.0	37.0	37.0
44	36.32835712790029	37.0	37.0	37.0	37.0	37.0
45	36.31534632165836	37.0	37.0	37.0	37.0	37.0
46	36.315200035431666	37.0	37.0	37.0	37.0	37.0
47	36.31195478473216	37.0	37.0	37.0	37.0	37.0
48	36.3053101009749	37.0	37.0	37.0	37.0	37.0
49	36.298870657268644	37.0	37.0	37.0	37.0	37.0
50	36.296538775260125	37.0	37.0	37.0	37.0	37.0
51	36.24275564067282	37.0	37.0	37.0	37.0	37.0
>>END_MODULE
>>Per sequence quality scores	pass
#Quality	Count
14	1.0
15	6.0
16	11.0
17	34.0
18	75.0
19	166.0
20	383.0
21	1036.0
22	2494.0
23	5588.0
24	11755.0
25	23755.0
26	40685.0
27	72194.0
28	103721.0
29	161117.0
30	208673.0
31	285533.0
32	349618.0
33	464667.0
34	642234.0
35	1434819.0
36	1.2848387E7
37	1.703043E7
>>END_MODULE
>>Per base sequence content	warn
#Base	G	A	T	C
1	31.54842251206484	16.658345165305697	15.698422495733617	36.09480982689585
2	29.96259803975459	17.170441279546374	27.52363249454258	25.343328186156462
3	24.039938752141676	22.023738739923452	27.588923354150825	26.34739915378405
4	25.35819791517192	29.21217801965139	21.339880314831234	24.089743750345455
5	29.04276443921941	30.291065657758743	19.375358405708106	21.29081149731374
6	23.657216817857794	33.754911557092804	19.407771135198338	23.180100489851068
7	22.435905371022937	17.932434157793786	33.78576199221074	25.84589847897254
8	23.297545057078047	20.820041759255737	24.104384246896952	31.778028936769264
9	24.481246420395625	20.311441833028166	24.840443225893896	30.366868520682317
10	24.43156906642374	32.384163898518445	20.914545986387427	22.26972104867039
11	27.660385240065427	23.506895376004255	19.010843771126247	29.821875612804067
12	26.5894601129883	21.572222501588282	23.192179196353102	28.64613818907032
13	24.567403832267676	23.974374368550343	24.643571855501314	26.814649943680664
14	25.1180130293295	24.297236870469778	24.192562663373486	26.392187436827236
15	25.47101864108619	24.38944089446484	23.900717542107262	26.238822922341704
16	25.64616033386032	23.978722953300437	23.523448631300585	26.85166808153866
17	25.724896045647	24.338783583716893	22.99077737771371	26.945542992922395
18	25.287563159404908	25.11642192913655	23.35323356383111	26.24278134762743
19	25.761503778995166	24.476406456938037	23.253270970747796	26.508818793319
20	25.98738305042523	24.468220771801143	22.78660003914819	26.757796138625434
21	25.182779118899774	24.997944334172363	23.470678131058094	26.348598415869777
22	25.505425147017956	24.653153516055358	23.397377688773798	26.44404364815289
23	25.89547920345962	24.64582733083859	22.9822786466458	26.47641481905599
24	25.2943723595245	24.989061918225627	23.401439311746415	26.315126410503453
25	25.545570742184715	24.35633911830845	23.218794502938817	26.879295636568017
26	25.755286751227928	24.327787407334338	22.931679649326153	26.98524619211158
27	25.28616446305571	24.71028375955503	23.36322951288642	26.640322264502835
28	25.548797469628244	24.318595015783654	23.274337554636926	26.858269959951176
29	25.932166530483137	24.39405353612816	22.98690352369917	26.686876409689543
30	25.39814165434405	24.89784454013078	23.261386117805177	26.442627687719988
31	25.263021461159518	24.57407158204503	23.411768125085516	26.751138831709937
32	25.603861063116305	24.60957230060948	23.07118794303872	26.715378693235497
33	25.023467243610682	24.968440705781173	23.53285274587381	26.475239304734338
34	25.401356507905543	24.550770968192186	23.29132907983173	26.75654344407054
35	25.711847484394816	24.511783436332884	22.90247495176358	26.87389412750872
36	25.406705691763165	24.764922367668703	23.216948114282076	26.611423826286057
37	25.517965015107087	24.299789038372445	23.13120464352466	27.05104130299581
38	25.846195487325495	24.318570974730545	22.82904712947168	27.00618640847228
39	25.284374619846815	24.67455622004378	23.349139987742483	26.691929172366923
40	25.527160288086503	24.395080626924347	23.198985899230756	26.87877318575839
41	25.851955488853363	24.49191213493527	22.868357653913264	26.787774722298103
42	25.195798830553233	24.994218903683286	23.33998527994844	26.469996985815047
43	25.253416306748168	24.64138367339863	23.301553560788683	26.803646459064517
44	25.64067460035927	24.561190299679566	23.038676617850566	26.759458482110603
45	25.22594579652027	24.869845496019174	23.362210246034714	26.541998461425838
46	25.406980434078818	24.484438413279612	23.24908661277921	26.859494539862354
47	25.810348858790604	24.356729003690965	22.992218727278793	26.840703410239637
48	25.401224264113704	24.745516916231363	23.27827135137311	26.574987468281826
49	25.554823026432853	24.397741029013556	23.16131611338387	26.88611983116972
50	25.82600934516657	24.40327100718872	22.80674642338413	26.963973224260577
51	25.132286440947045	24.909703364658412	23.31668227517836	26.641327919216184
>>END_MODULE
>>Per base GC content	fail
#Base	%GC
1	67.64323233896069
2	55.30592622591105
3	50.38733790592572
4	49.44794166551738
5	50.33357593653315
6	46.837317307708865
7	48.28180384999548
8	55.075573993847314
9	54.84811494107794
10	46.70129011509413
11	57.482260852869494
12	55.23559830205862
13	51.38205377594834
14	51.51020046615673
15	51.709841563427894
16	52.49782841539897
17	52.67043903856939
18	51.53034450703233
19	52.270322572314164
20	52.74517918905066
21	51.531377534769554
22	51.94946879517085
23	52.371894022515605
24	51.60949877002795
25	52.42486637875273
26	52.74053294333952
27	51.926486727558554
28	52.40706742957942
29	52.619042940172676
30	51.84076934206404
31	52.01416029286945
32	52.3192397563518
33	51.49870654834502
34	52.157899951976084
35	52.585741611903536
36	52.018129518049214
37	52.56900631810289
38	52.85238189579778
39	51.97630379221374
40	52.40593347384489
41	52.63973021115146
42	51.665795816368274
43	52.05706276581269
44	52.40013308246987
45	51.767944257946105
46	52.26647497394118
47	52.65105226903024
48	51.97621173239553
49	52.440942857602565
50	52.78998256942715
51	51.773614360163236
>>END_MODULE
>>Per sequence GC content	pass
#GC Content	Count
0	7019.0
1	4148.5
2	1278.0
3	1147.5
4	1017.0
5	1179.0
6	1341.0
7	1625.5
8	1910.0
9	2553.5
10	3197.0
11	4352.5
12	5508.0
13	7764.5
14	10021.0
15	14125.0
16	18229.0
17	25881.5
18	33534.0
19	45732.5
20	57931.0
21	77010.0
22	96089.0
23	123469.5
24	150850.0
25	191947.5
26	284267.0
27	335489.0
28	396844.0
29	458199.0
30	533510.5
31	608822.0
32	694113.0
33	779404.0
34	868508.0
35	957612.0
36	1040021.5
37	1122431.0
38	1192138.0
39	1261845.0
40	1335603.5
41	1409362.0
42	1472772.0
43	1536182.0
44	1577258.0
45	1618334.0
46	1661243.5
47	1704153.0
48	1731016.0
49	1757879.0
50	1795846.5
51	1833814.0
52	1869716.5
53	1905619.0
54	1923767.5
55	1941916.0
56	1947164.0
57	1952412.0
58	1929713.0
59	1907014.0
60	1857127.5
61	1807241.0
62	1723170.0
63	1639099.0
64	1544482.0
65	1449865.0
66	1347540.0
67	1245215.0
68	1127313.0
69	1009411.0
70	900572.5
71	791734.0
72	691101.5
73	590469.0
74	514527.0
75	382574.0
76	326563.0
77	278917.5
78	231272.0
79	196394.5
80	161517.0
81	136903.0
82	112289.0
83	95125.5
84	77962.0
85	62726.5
86	47491.0
87	36610.0
88	25729.0
89	18987.5
90	12246.0
91	9225.0
92	6204.0
93	4235.5
94	2267.0
95	1393.5
96	520.0
97	358.0
98	196.0
99	123.5
100	51.0
>>END_MODULE
>>Per base N content	pass
#Base	N-Count
1	0.028393420420737947
2	0.0931862262255939
3	0.0
4	0.0
5	0.0
6	0.0
7	0.002211510529372689
8	0.0
9	0.0
10	0.0
11	7.124329222140207E-5
12	0.0
13	5.0463998656826465E-5
14	0.0
15	6.233788069372682E-5
16	0.0
17	0.0
18	0.0
19	0.0015346992532693697
20	0.0
21	0.0
22	0.0
23	0.0
24	9.202258578597766E-5
25	0.0
26	3.265317560147595E-5
27	6.827482171217698E-5
28	0.0
29	0.0
30	0.0
31	0.006539540531822865
32	8.519510361475997E-4
33	0.0
34	0.0
35	5.343246916605155E-4
36	0.0
37	6.322842184649433E-4
38	9.142889168413266E-4
39	9.024150348044261E-4
40	0.0
41	0.0
42	0.0
43	3.740272841623609E-4
44	0.0
45	0.0048920393992029415
46	4.037119892546117E-4
47	0.005610409262435413
48	0.002552884637933574
49	0.005806328316044268
50	6.233788069372682E-5
51	0.0018820103028487048
>>END_MODULE
>>Sequence Length Distribution	pass
#Length	Count
51	3.3687382E7
>>END_MODULE
>>Sequence Duplication Levels	fail
#Total Duplicate Percentage	66.49453736616002
#Duplication Level	Relative count
1	100.0
2	44.40467047628965
3	24.26877367455059
4	14.727360295744765
5	10.049073845072439
6	7.286880231180766
7	5.559532952371034
8	4.429662991552009
9	3.625216406544915
10++	45.98752977623889
>>END_MODULE
>>Overrepresented sequences	pass
>>END_MODULE
>>Kmer Content	fail
#Sequence	Count	Obs/Exp Overall	Obs/Exp Max	Max Obs/Exp Position
TTTTT	5956170	5.570091	13.945381	2
AAAAA	4402015	3.2241967	4.5349436	10
CCTGG	4828215	2.7915938	5.535708	1
GAAGA	3951960	2.6239502	6.7811775	2
GAAAA	2989660	2.0848668	6.0438614	2
AAAAT	2688260	2.067599	5.009416	3
GGAAG	3240760	2.048691	5.6478505	1
GGAAA	2685045	1.782767	5.4600387	1
>>END_MODULE
