##FastQC	0.10.1
>>Basic Statistics	pass
#Measure	Value	
Filename	HON021020_001_R1.fastq.gz	
File type	Conventional base calls	
Encoding	Sanger / Illumina 1.9	
Total Sequences	32819701	
Filtered Sequences	0	
Sequence length	51	
%GC	51	
>>END_MODULE
>>Per base sequence quality	pass
#Base	Mean	Median	Lower Quartile	Upper Quartile	10th Percentile	90th Percentile
1	36.497685460327624	37.0	37.0	37.0	37.0	37.0
2	36.49303681956152	37.0	37.0	37.0	37.0	37.0
3	36.50960339340081	37.0	37.0	37.0	37.0	37.0
4	36.53446565524774	37.0	37.0	37.0	37.0	37.0
5	36.572809758382625	37.0	37.0	37.0	37.0	37.0
6	36.54305756777004	37.0	37.0	37.0	37.0	37.0
7	36.52311844644776	37.0	37.0	37.0	37.0	37.0
8	36.581261389310036	37.0	37.0	37.0	37.0	37.0
9	36.57534823367221	37.0	37.0	37.0	37.0	37.0
10	36.55805916696194	37.0	37.0	37.0	37.0	37.0
11	36.578865206602586	37.0	37.0	37.0	37.0	37.0
12	36.56427458007616	37.0	37.0	37.0	37.0	37.0
13	36.54300055932868	37.0	37.0	37.0	37.0	37.0
14	36.53000016666819	37.0	37.0	37.0	37.0	37.0
15	36.53009690734233	37.0	37.0	37.0	37.0	37.0
16	36.5306399043672	37.0	37.0	37.0	37.0	37.0
17	36.52643480816599	37.0	37.0	37.0	37.0	37.0
18	36.520334082263574	37.0	37.0	37.0	37.0	37.0
19	36.51890789620539	37.0	37.0	37.0	37.0	37.0
20	36.52291046161572	37.0	37.0	37.0	37.0	37.0
21	36.505435591872086	37.0	37.0	37.0	37.0	37.0
22	36.49129877813329	37.0	37.0	37.0	37.0	37.0
23	36.47361543604556	37.0	37.0	37.0	37.0	37.0
24	36.46607977933742	37.0	37.0	37.0	37.0	37.0
25	36.46685864079018	37.0	37.0	37.0	37.0	37.0
26	36.45230003771211	37.0	37.0	37.0	37.0	37.0
27	36.434347985071525	37.0	37.0	37.0	37.0	37.0
28	36.425695011663876	37.0	37.0	37.0	37.0	37.0
29	36.41010992147674	37.0	37.0	37.0	37.0	37.0
30	36.40898864374176	37.0	37.0	37.0	37.0	37.0
31	36.39349100103014	37.0	37.0	37.0	37.0	37.0
32	36.40204458291683	37.0	37.0	37.0	37.0	37.0
33	36.39017073921545	37.0	37.0	37.0	37.0	37.0
34	36.39069901947004	37.0	37.0	37.0	37.0	37.0
35	36.39001927531272	37.0	37.0	37.0	37.0	37.0
36	36.38319273536343	37.0	37.0	37.0	37.0	37.0
37	36.37522182179539	37.0	37.0	37.0	37.0	37.0
38	36.35839336257207	37.0	37.0	37.0	37.0	37.0
39	36.35609974021396	37.0	37.0	37.0	37.0	37.0
40	36.35544275677588	37.0	37.0	37.0	37.0	37.0
41	36.34456075635789	37.0	37.0	37.0	37.0	37.0
42	36.33339941153029	37.0	37.0	37.0	37.0	37.0
43	36.33776748910662	37.0	37.0	37.0	37.0	37.0
44	36.331676726731914	37.0	37.0	37.0	37.0	37.0
45	36.318885842378634	37.0	37.0	37.0	37.0	37.0
46	36.32168361314444	37.0	37.0	37.0	37.0	37.0
47	36.31732428031565	37.0	37.0	37.0	37.0	37.0
48	36.31186536403851	37.0	37.0	37.0	37.0	37.0
49	36.30596573686031	37.0	37.0	37.0	37.0	37.0
50	36.29999225160522	37.0	37.0	37.0	37.0	37.0
51	36.240358801562515	37.0	37.0	37.0	37.0	37.0
>>END_MODULE
>>Per sequence quality scores	pass
#Quality	Count
14	1.0
15	2.0
16	18.0
17	23.0
18	31.0
19	126.0
20	316.0
21	745.0
22	1850.0
23	4270.0
24	9213.0
25	19414.0
26	34040.0
27	62379.0
28	93710.0
29	149010.0
30	196933.0
31	272142.0
32	336239.0
33	452835.0
34	643003.0
35	1501500.0
36	1.2977747E7
37	1.6064154E7
>>END_MODULE
>>Per base sequence content	warn
#Base	G	A	T	C
1	30.01664602371979	17.646589457839347	15.673702214534377	36.66306230390648
2	28.38996998434333	17.892270145728684	28.134507983583994	25.583251886343987
3	22.722601890858176	22.655837114420997	28.105353549686512	26.51620744503431
4	23.844303151939137	29.84918723056008	21.84215815981992	24.46435145768086
5	27.304861796272917	31.393253704535578	19.949898385728744	21.351986113462765
6	22.404253469585235	34.61294787542397	19.806070140614626	23.176728514376165
7	21.02451530095107	18.45173217333766	34.27137710860117	26.252375417110095
8	22.01675146278755	21.340450359374085	24.523102754653372	32.11969542318499
9	23.309118507813338	20.869599025292764	25.462471458835047	30.35881100805885
10	23.01666002380704	33.341220872182845	21.222082431524893	22.420036672485224
11	26.124603610486695	24.314244428075536	19.281897215618375	30.27925474581939
12	25.107775966636623	21.833772952410506	23.743260183875535	29.315190897077336
13	23.048158218659808	24.741492105319445	25.03395979255626	27.176389883464484
14	23.71297959113034	25.00351541898569	24.80734970742116	26.47615528246281
15	24.054226000984773	25.092868059652012	24.407904038064963	26.445001901298244
16	24.348283977358598	24.64071199186123	23.863108929602987	27.147895101177188
17	24.417437562883343	25.08360450937685	23.544434484640796	26.95452344309901
18	23.95108352754341	25.854699285651627	23.92693949283694	26.267277693968023
19	24.304951826317087	25.145890370638323	23.825503294355702	26.723654508688888
20	24.622939130371723	25.151377826385442	23.317302616498548	26.908380426744287
21	23.88458688273851	25.60671104224868	23.938396026216083	26.570306048796727
22	23.955099408126845	25.412882341615482	23.8177520264429	26.814266223814776
23	24.37708375222553	25.53274936904514	23.505637665620416	26.584529213108922
24	23.999832417597066	25.565100812241436	23.88555645356025	26.549510316601243
25	24.21286531525683	25.075725095728323	23.62576977773198	27.085639811282864
26	24.525277414225737	24.96575379404817	23.288233583165034	27.220735208561052
27	24.05906371351552	25.4564662534613	23.80359502014599	26.68087501287718
28	24.28217734220065	25.139281433429268	23.685904390171014	26.892636834199067
29	24.67594387895246	24.961936734280425	23.480920804244988	26.881198582522124
30	24.15627430609438	25.5640049859077	23.81542415636267	26.464296551635254
31	23.920401363943142	25.332791224144852	23.88200111666042	26.864806295251586
32	24.242841954572757	25.327143470846526	23.462728784551633	26.967285790029084
33	23.773970396622442	25.579288488947537	23.921899836930262	26.724841277499756
34	24.150823311888185	25.203383175245868	23.66681524612305	26.978978266742892
35	24.557609286035216	25.201009959987836	23.337475583888832	26.903905170088116
36	24.171438978069908	25.305873444733702	23.79019540732562	26.732492169870774
37	24.175076964946985	25.014739718958428	23.652539835633014	27.15764348046158
38	24.466907124221592	25.00295633295881	23.200783074022585	27.329353468797013
39	24.00337812463503	25.29844778055462	23.789394886127234	26.908779208683107
40	24.33295781701363	25.18508014439254	23.545101766771122	26.93686027182271
41	24.565123247161818	25.24848718152551	23.34897871251173	26.837410858800936
42	23.94674162327073	25.626470515377335	23.82474477753469	26.602043083817247
43	23.888297507353233	25.379060397253202	23.665814410986226	27.06682768440734
44	24.466834722229798	25.114665121415946	23.480122503248886	26.938377653105373
45	23.940031579005744	25.381639579199295	23.948133838478793	26.730195003316165
46	24.10050804425236	25.117455792093878	23.626617182388244	27.155418981265516
47	24.524292088280838	25.06301320975295	23.589903650228983	26.822791051737227
48	24.08663778606395	25.35251291043627	23.810049350375355	26.750799953124428
49	24.249902659158597	24.97999705890186	23.600764636762495	27.169335645177046
50	24.503067946004833	24.9425847505268	23.41899576223752	27.135351541230847
51	23.88495746770581	25.252211656749974	23.99292216212639	26.86990871341783
>>END_MODULE
>>Per base GC content	fail
#Base	%GC
1	66.67970832762627
2	53.973221870687325
3	49.23880933589248
4	48.30865460961999
5	48.65684790973568
6	45.5809819839614
7	47.27689071806117
8	54.136446885972546
9	53.667929515872196
10	45.436696696292266
11	56.40385835630609
12	54.42296686371396
13	50.22454810212429
14	50.189134873593154
15	50.49922790228302
16	51.49617907853579
17	51.37196100598235
18	50.21836122151143
19	51.028606335005975
20	51.53131955711602
21	50.454892931535234
22	50.76936563194162
23	50.961612965334446
24	50.54934273419831
25	51.298505126539695
26	51.74601262278679
27	50.73993872639271
28	51.17481417639972
29	51.55714246147459
30	50.62057085772963
31	50.78520765919473
32	51.21012774460184
33	50.4988116741222
34	51.12980157863108
35	51.46151445612334
36	50.90393114794068
37	51.33272044540856
38	51.79626059301861
39	50.91215733331814
40	51.26981808883634
41	51.40253410596276
42	50.54878470708798
43	50.95512519176057
44	51.40521237533516
45	50.67022658232191
46	51.25592702551788
47	51.34708314001807
48	50.837437739188374
49	51.41923830433564
50	51.63841948723567
51	50.75486618112364
>>END_MODULE
>>Per sequence GC content	pass
#GC Content	Count
0	4845.0
1	2920.0
2	995.0
3	908.0
4	821.0
5	956.5
6	1092.0
7	1343.0
8	1594.0
9	2074.0
10	2554.0
11	3530.0
12	4506.0
13	6389.0
14	8272.0
15	11566.5
16	14861.0
17	21468.5
18	28076.0
19	38214.5
20	48353.0
21	63856.0
22	79359.0
23	103872.5
24	128386.0
25	170087.0
26	267460.5
27	323133.0
28	380875.0
29	438617.0
30	519607.5
31	600598.0
32	710718.5
33	820839.0
34	942294.0
35	1063749.0
36	1149051.5
37	1234354.0
38	1294381.5
39	1354409.0
40	1453495.5
41	1552582.0
42	1666157.0
43	1779732.0
44	1813057.0
45	1846382.0
46	1875562.0
47	1904742.0
48	1897533.5
49	1890325.0
50	1920274.0
51	1950223.0
52	1967249.0
53	1984275.0
54	1925535.0
55	1866795.0
56	1823987.0
57	1781179.0
58	1730663.0
59	1680147.0
60	1626401.5
61	1572656.0
62	1473591.5
63	1374527.0
64	1277097.0
65	1179667.0
66	1075978.0
67	972289.0
68	883625.5
69	794962.0
70	706675.0
71	618388.0
72	540938.0
73	463488.0
74	409328.0
75	310325.0
76	265482.0
77	228104.0
78	190726.0
79	166015.5
80	141305.0
81	126252.5
82	111200.0
83	94019.5
84	76839.0
85	61406.0
86	45973.0
87	33628.0
88	21283.0
89	17572.0
90	13861.0
91	12167.0
92	10473.0
93	6714.5
94	2956.0
95	1775.0
96	594.0
97	409.5
98	225.0
99	140.5
100	56.0
>>END_MODULE
>>Per base N content	pass
#Base	N-Count
1	0.028833291320966025
2	0.0928710471798631
3	0.0
4	0.0
5	0.0
6	0.0
7	0.0022181798670256017
8	0.0
9	0.0
10	0.0
11	7.922070953662863E-5
12	0.0
13	2.132865256755386E-5
14	0.0
15	6.398595770266158E-5
16	0.0
17	0.0
18	0.0
19	0.0016362123469680604
20	0.0
21	0.0
22	0.0
23	0.0
24	7.922070953662863E-5
25	0.0
26	2.132865256755386E-5
27	7.312680880304181E-5
28	0.0
29	0.0
30	0.0
31	0.006715478608412672
32	7.068924850960707E-4
33	0.0
34	0.0
35	5.575919171231938E-4
36	0.0
37	6.550943288605828E-4
38	9.933058195746513E-4
39	9.384607129723698E-4
40	0.0
41	0.0
42	0.0
43	3.9305659731634973E-4
44	0.0
45	0.005164580871714828
46	3.625870936484156E-4
47	0.006029914775884156
48	0.002751396181214448
49	0.00617616839349024
50	7.00798584362484E-5
51	0.001947001284380988
>>END_MODULE
>>Sequence Length Distribution	pass
#Length	Count
51	3.2819701E7
>>END_MODULE
>>Sequence Duplication Levels	fail
#Total Duplicate Percentage	70.97298654308244
#Duplication Level	Relative count
1	100.0
2	44.963826311382014
3	24.10801312411625
4	14.837390003157475
5	10.158834754197384
6	7.531265873179303
7	6.0431338632401195
8	4.815836799692489
9	4.084126134288813
10++	58.0206746015403
>>END_MODULE
>>Overrepresented sequences	pass
>>END_MODULE
>>Kmer Content	fail
#Sequence	Count	Obs/Exp Overall	Obs/Exp Max	Max Obs/Exp Position
TTTTT	5446325	4.7305517	12.034048	2
GAAGA	3617245	2.530437	6.3811007	2
GGAAG	2844275	2.0554771	5.640952	1
AAAAT	2787955	1.9333209	5.191873	3
GAAAA	2809870	1.9027439	5.4732723	2
GGAAA	2416845	1.6906993	5.198773	1
>>END_MODULE
