# amplicon position	effect
1	0.000000000000000000e+00
2	0.000000000000000000e+00
3	0.000000000000000000e+00
4	0.000000000000000000e+00
5	0.000000000000000000e+00
6	0.000000000000000000e+00
7	0.000000000000000000e+00
8	0.000000000000000000e+00
9	0.000000000000000000e+00
10	0.000000000000000000e+00
11	0.000000000000000000e+00
12	0.000000000000000000e+00
13	0.000000000000000000e+00
14	0.000000000000000000e+00
15	0.000000000000000000e+00
16	0.000000000000000000e+00
17	0.000000000000000000e+00
18	0.000000000000000000e+00
19	0.000000000000000000e+00
20	0.000000000000000000e+00
21	1.726668393335059962e-02
22	3.453336786670119923e-02
23	3.453336786670119923e-02
24	6.906673573340239847e-02
25	6.906673573340239847e-02
26	6.906673573340239847e-02
27	1.122334455667789027e-01
28	2.676336009669342819e-01
29	3.712337045670379143e-01
30	4.057670724337391066e-01
31	4.403004403004402989e-01
32	5.007338340671674271e-01
33	5.180005180005180510e-01
34	5.180005180005180510e-01
35	5.611672278338944997e-01
36	5.784339117672451236e-01
37	6.216006216006215723e-01
38	6.216006216006215723e-01
39	6.216006216006215723e-01
40	6.216006216006215723e-01
41	6.475006475006475082e-01
42	6.475006475006475082e-01
43	6.475006475006475082e-01
44	6.561339894673228201e-01
45	7.597340930674264525e-01
46	7.683674350341016535e-01
47	7.683674350341016535e-01
48	8.115341448674782132e-01
49	8.719675386342052859e-01
50	9.496676163342829824e-01
51	9.669343002676336063e-01
52	9.842009842009842302e-01
53	9.928343261676595422e-01
54	1.010101010101010166e+00
55	1.053267719934386504e+00
56	1.053267719934386504e+00
57	1.061901061901061816e+00
58	1.122334455667788999e+00
59	1.130967797634464311e+00
60	1.130967797634464311e+00
61	1.148234481567814935e+00
62	1.148234481567814935e+00
63	1.148234481567814935e+00
64	1.174134507467840871e+00
65	1.200034533367866807e+00
66	1.251834585167918457e+00
67	1.346801346801346888e+00
68	1.364068030734697512e+00
69	1.562634895968229243e+00
70	1.588534921868255179e+00
71	1.700768367435034012e+00
72	1.778468445135111820e+00
73	1.795735129068462443e+00
74	1.933868600535267213e+00
75	1.977035310368643772e+00
76	2.002935336268669708e+00
77	2.028835362168695422e+00
78	2.054735388068721580e+00
79	2.054735388068721580e+00
80	2.564102564102564319e+00
81	2.650435983769316994e+00
82	2.667702667702667618e+00
83	2.667702667702667618e+00
84	2.684969351636018242e+00
85	2.857636190969524481e+00
86	2.900802900802900819e+00
87	2.918069584736251443e+00
88	2.995769662436329028e+00
89	3.090736424069757238e+00
90	3.142536475869809109e+00
91	3.246136579469912853e+00
92	3.306569973236639814e+00
93	3.323836657169990438e+00
94	4.169904169904169677e+00
95	4.584304584304584651e+00
96	4.834671501338167587e+00
97	4.886471553138219903e+00
98	5.171371838038504976e+00
99	5.344038677372010326e+00
100	5.792972459639126548e+00
101	7.873607873607873842e+00
102	8.003108003108003743e+00
103	1.067944401277734556e+01
104	1.121471121471121535e+01
105	1.182767849434516094e+01
106	1.273417940084606670e+01
107	1.966675300008633442e+01
108	2.190278856945523600e+01
109	3.086419753086419604e+01
110	3.904860571527238022e+01
111	3.114909781576448111e+01
112	2.149702149702149612e+01
113	1.869981869981869949e+01
114	1.579038245704912313e+01
115	1.456444789778123194e+01
116	1.362341362341362405e+01
117	1.318311318311318381e+01
118	8.780108780108779598e+00
119	6.172839506172839386e+00
120	5.128205128205128638e+00
121	3.919537252870586297e+00
122	3.651903651903651848e+00
123	3.358370025036691686e+00
124	3.289303289303289191e+00
125	3.159803159803159733e+00
126	3.090736424069757238e+00
127	2.831736165069498323e+00
128	2.814469481136147699e+00
129	2.684969351636018242e+00
130	2.590002590002590033e+00
131	2.529569196235863071e+00
132	2.417335750669083794e+00
133	2.339635672969006208e+00
134	2.244668911335577999e+00
135	2.218768885435552285e+00
136	2.080635413968747294e+00
137	2.054735388068721580e+00
138	2.011568678235344798e+00
139	1.994301994301994396e+00
140	1.951135284468617836e+00
141	1.933868600535267213e+00
142	1.778468445135111820e+00
143	1.726668393335059948e+00
144	1.657601657601657674e+00
145	1.631701631701631738e+00
146	1.614434947768281114e+00
147	1.614434947768281114e+00
148	1.605801605801605803e+00
149	1.329534662867996264e+00
150	1.303634636967970328e+00
151	1.225934559267892521e+00
152	1.182767849434516183e+00
153	1.139601139601139623e+00
154	1.113701113701113687e+00
155	1.113701113701113687e+00
156	1.113701113701113687e+00
157	1.070534403867737128e+00
158	1.061901061901061816e+00
159	1.061901061901061816e+00
160	9.928343261676595422e-01
161	9.410342743676076704e-01
162	9.065009065009065337e-01
163	8.806008806008805978e-01
164	8.547008547008546619e-01
165	7.856341189674522774e-01
166	7.856341189674522774e-01
167	7.338340671674005167e-01
168	6.906673573340239569e-01
169	6.906673573340239569e-01
170	6.906673573340239569e-01
171	6.302339635672968843e-01
172	6.302339635672968843e-01
173	6.129672796339462604e-01
174	6.129672796339462604e-01
175	6.129672796339462604e-01
176	6.129672796339462604e-01
177	6.129672796339462604e-01
178	3.885003885003884827e-01
179	3.885003885003884827e-01
180	3.626003626003626024e-01
181	3.280669947336614101e-01
182	3.194336527669860981e-01
183	3.194336527669860981e-01
184	3.194336527669860981e-01
185	2.935336268669602178e-01
186	2.935336268669602178e-01
187	2.935336268669602178e-01
188	2.935336268669602178e-01
189	2.935336268669602178e-01
190	2.935336268669602178e-01
191	2.935336268669602178e-01
192	2.935336268669602178e-01
193	2.935336268669602178e-01
194	2.590002590002590255e-01
195	1.985668652335318973e-01
196	1.467668134334801089e-01
197	1.467668134334801089e-01
198	1.467668134334801089e-01
199	1.467668134334801089e-01
200	3.453336786670119923e-02
201	3.453336786670119923e-02
202	3.453336786670119923e-02
203	3.453336786670119923e-02
204	3.453336786670119923e-02
205	3.453336786670119923e-02
206	3.453336786670119923e-02
207	3.453336786670119923e-02
208	3.453336786670119923e-02
209	3.453336786670119923e-02
210	3.453336786670119923e-02
211	0.000000000000000000e+00
212	0.000000000000000000e+00
213	0.000000000000000000e+00
214	0.000000000000000000e+00
215	0.000000000000000000e+00
216	0.000000000000000000e+00
217	0.000000000000000000e+00
218	0.000000000000000000e+00
219	0.000000000000000000e+00
220	0.000000000000000000e+00
221	0.000000000000000000e+00
222	0.000000000000000000e+00
223	0.000000000000000000e+00
224	0.000000000000000000e+00
225	0.000000000000000000e+00
226	0.000000000000000000e+00
227	0.000000000000000000e+00
228	0.000000000000000000e+00
229	0.000000000000000000e+00
230	0.000000000000000000e+00
231	0.000000000000000000e+00
232	0.000000000000000000e+00
233	0.000000000000000000e+00
234	0.000000000000000000e+00
235	0.000000000000000000e+00
236	0.000000000000000000e+00
237	0.000000000000000000e+00
238	0.000000000000000000e+00
239	0.000000000000000000e+00
240	0.000000000000000000e+00
241	0.000000000000000000e+00
242	0.000000000000000000e+00
243	0.000000000000000000e+00
244	0.000000000000000000e+00
245	0.000000000000000000e+00
246	0.000000000000000000e+00
247	0.000000000000000000e+00
248	0.000000000000000000e+00
249	0.000000000000000000e+00
250	0.000000000000000000e+00
251	0.000000000000000000e+00
252	0.000000000000000000e+00
253	0.000000000000000000e+00
254	0.000000000000000000e+00
255	0.000000000000000000e+00
256	0.000000000000000000e+00
257	0.000000000000000000e+00
258	0.000000000000000000e+00
259	0.000000000000000000e+00
260	0.000000000000000000e+00
261	0.000000000000000000e+00
262	0.000000000000000000e+00
263	0.000000000000000000e+00
264	0.000000000000000000e+00
265	0.000000000000000000e+00
