##FastQC	0.10.1
>>Basic Statistics	pass
#Measure	Value	
Filename	HON021020_008_R1.fastq.gz	
File type	Conventional base calls	
Encoding	Sanger / Illumina 1.9	
Total Sequences	36057676	
Filtered Sequences	0	
Sequence length	51	
%GC	52	
>>END_MODULE
>>Per base sequence quality	pass
#Base	Mean	Median	Lower Quartile	Upper Quartile	10th Percentile	90th Percentile
1	36.48878918319639	37.0	37.0	37.0	37.0	37.0
2	36.486741131070126	37.0	37.0	37.0	37.0	37.0
3	36.4987255418236	37.0	37.0	37.0	37.0	37.0
4	36.52557386116621	37.0	37.0	37.0	37.0	37.0
5	36.56724304694512	37.0	37.0	37.0	37.0	37.0
6	36.538190203938825	37.0	37.0	37.0	37.0	37.0
7	36.520779791798006	37.0	37.0	37.0	37.0	37.0
8	36.57776219410258	37.0	37.0	37.0	37.0	37.0
9	36.573792553907246	37.0	37.0	37.0	37.0	37.0
10	36.55514182333881	37.0	37.0	37.0	37.0	37.0
11	36.57362191063007	37.0	37.0	37.0	37.0	37.0
12	36.56002655301467	37.0	37.0	37.0	37.0	37.0
13	36.538744232989394	37.0	37.0	37.0	37.0	37.0
14	36.52838990510647	37.0	37.0	37.0	37.0	37.0
15	36.528747637534934	37.0	37.0	37.0	37.0	37.0
16	36.529111360366095	37.0	37.0	37.0	37.0	37.0
17	36.52683722600425	37.0	37.0	37.0	37.0	37.0
18	36.5213410315185	37.0	37.0	37.0	37.0	37.0
19	36.51916066359906	37.0	37.0	37.0	37.0	37.0
20	36.521901411505276	37.0	37.0	37.0	37.0	37.0
21	36.504071532508085	37.0	37.0	37.0	37.0	37.0
22	36.489875664754436	37.0	37.0	37.0	37.0	37.0
23	36.47075585237385	37.0	37.0	37.0	37.0	37.0
24	36.46323018710357	37.0	37.0	37.0	37.0	37.0
25	36.46493451214105	37.0	37.0	37.0	37.0	37.0
26	36.449720331393515	37.0	37.0	37.0	37.0	37.0
27	36.433255598613734	37.0	37.0	37.0	37.0	37.0
28	36.42666831883452	37.0	37.0	37.0	37.0	37.0
29	36.41137304578365	37.0	37.0	37.0	37.0	37.0
30	36.4096342204639	37.0	37.0	37.0	37.0	37.0
31	36.39272711308405	37.0	37.0	37.0	37.0	37.0
32	36.40054092781798	37.0	37.0	37.0	37.0	37.0
33	36.386102975688175	37.0	37.0	37.0	37.0	37.0
34	36.38557071731412	37.0	37.0	37.0	37.0	37.0
35	36.385077091490864	37.0	37.0	37.0	37.0	37.0
36	36.379484800961656	37.0	37.0	37.0	37.0	37.0
37	36.37290068278388	37.0	37.0	37.0	37.0	37.0
38	36.35592795830768	37.0	37.0	37.0	37.0	37.0
39	36.35486743516138	37.0	37.0	37.0	37.0	37.0
40	36.35494550453002	37.0	37.0	37.0	37.0	37.0
41	36.34495539867849	37.0	37.0	37.0	37.0	37.0
42	36.33387515046727	37.0	37.0	37.0	37.0	37.0
43	36.33479384528276	37.0	37.0	37.0	37.0	37.0
44	36.327413558211575	37.0	37.0	37.0	37.0	37.0
45	36.31335954652208	37.0	37.0	37.0	37.0	37.0
46	36.31414600874444	37.0	37.0	37.0	37.0	37.0
47	36.31163650147614	37.0	37.0	37.0	37.0	37.0
48	36.3058140519095	37.0	37.0	37.0	37.0	37.0
49	36.29953222720177	37.0	37.0	37.0	37.0	37.0
50	36.29753245883068	37.0	37.0	37.0	37.0	37.0
51	36.24166183089559	37.0	37.0	37.0	37.0	37.0
>>END_MODULE
>>Per sequence quality scores	pass
#Quality	Count
14	2.0
15	6.0
16	7.0
17	21.0
18	70.0
19	164.0
20	391.0
21	981.0
22	2382.0
23	5677.0
24	11869.0
25	24622.0
26	41883.0
27	74558.0
28	109542.0
29	170632.0
30	222412.0
31	305718.0
32	376162.0
33	497688.0
34	695992.0
35	1569228.0
36	1.3988697E7
37	1.7958972E7
>>END_MODULE
>>Per base sequence content	warn
#Base	G	A	T	C
1	31.45466958393428	16.880723535630697	15.77093290700613	35.893673973428896
2	29.850046574180084	17.391025912210477	27.78090715110476	24.978020362504683
3	23.94908368470558	22.26925551164196	27.57897652638512	26.20268427726734
4	25.19217267357996	29.472834022913734	21.412655657563732	23.922337645942573
5	28.868283136162187	30.57038950596816	19.470015205638877	21.091312152230778
6	23.54133694029532	33.991802466692526	19.506656502210515	22.960204090801636
7	22.326998857223366	18.081322265091178	33.95056399029146	25.641114887394
8	23.23023813292903	20.952223875992452	24.291521172911974	31.526016818166543
9	24.475063229255266	20.46321842816492	24.977444469798886	30.08427387278093
10	24.334918312539056	32.5764533465773	20.977319780675828	22.111308560207817
11	27.59992142584306	23.67709027794013	19.100384143096154	29.62260415312065
12	26.558464278174775	21.643829735449398	23.266432922632063	28.53127306374376
13	24.476512830212382	24.07554676654742	24.703349482003343	26.74459092123686
14	25.008583470548686	24.466901305563898	24.36700579371782	26.1575094301696
15	25.436363054971387	24.552101250533624	24.040442794284385	25.971092900210596
16	25.63052316516461	24.10459564837179	23.61314689277257	26.65173429369103
17	25.67404787818272	24.50371454887997	23.124310618354883	26.697926954582428
18	25.20747316049986	25.304415071010123	23.468403787310084	26.01970798117993
19	25.69699924605705	24.63711104926477	23.356095837422334	26.30979386725584
20	25.915605320764435	24.631018926455493	22.93654200010006	26.516833752680014
21	25.143805718371866	25.13731888877142	23.563795403785868	26.155079989070845
22	25.38644476144275	24.83293987111094	23.510497459680984	26.27011790776533
23	25.76348237196429	24.805686312118397	23.149292816320163	26.281538499597147
24	25.263644454719348	25.146676217297788	23.512263083575156	26.077416244407708
25	25.509422737061588	24.501512521217396	23.338331621816113	26.650733119904903
26	25.699820787039425	24.487556874184293	23.05087185358118	26.7617504851951
27	25.2370661718591	24.87530109418655	23.4826758279948	26.404956905959548
28	25.54066712452572	24.469136613241517	23.39642743475758	26.593768827475184
29	25.911484145567233	24.52079274327053	23.121426350383757	26.44629676077848
30	25.347329650418953	25.064876616008195	23.39992460967257	26.187869123900278
31	25.216350534808218	24.74244743367688	23.515738798839926	26.52546323267498
32	25.51199586902772	24.78596955945568	23.211645130755652	26.490389440760946
33	24.99722389207779	25.13551622128947	23.64816578861045	26.21909409802229
34	25.354190880188725	24.748810766395483	23.40729058633729	26.489707767078503
35	25.695199931331906	24.6826978183876	23.054479227001423	26.56762302327906
36	25.366784592551113	24.94287762749879	23.349926933726955	26.340410846223143
37	25.4704866816705	24.48795463905517	23.2617586656849	26.779800013589423
38	25.790471145599405	24.43803027540174	22.96386101853091	26.80763756046795
39	25.233976704153545	24.84623306401869	23.44538332276359	26.474406909064175
40	25.52981506628436	24.54550038111164	23.312434223436917	26.612250329167082
41	25.784407181427888	24.67130715800985	23.00765029892664	26.536635361635618
42	25.14327046479646	25.16652764864824	23.41723299083391	26.272968895721398
43	25.20475051819952	24.787204007816396	23.44114712207211	26.566898351911973
44	25.589461173260307	24.699071010566513	23.194351183365228	26.517116632807948
45	25.159437769950493	25.001627333455424	23.53557115188611	26.303363744707976
46	25.349039966584524	24.62444269988749	23.36113990227899	26.665377431249
47	25.738960591024252	24.529884974457815	23.15611114864569	26.575043285872248
48	25.333284262550727	24.929612362819753	23.41544683523682	26.321656539392695
49	25.485958068071575	24.535644690780178	23.274161724759384	26.704235516388863
50	25.753910120646527	24.54346230634517	22.97050608987325	26.732121483135046
51	25.09184475996059	25.02139249485773	23.446687440049846	26.44007530513183
>>END_MODULE
>>Per base GC content	fail
#Base	%GC
1	67.34834355736318
2	54.82806693668476
3	50.15176796197293
4	49.11451031952254
5	49.95959528839296
6	46.501541031096956
7	47.96811374461736
8	54.75625495109557
9	54.559337102036196
10	46.44622687274688
11	57.22252557896371
12	55.08973734191854
13	51.221103751449235
14	51.16609290071828
15	51.40745595518199
16	52.28225745885564
17	52.371974832765154
18	51.22718114167979
19	52.0067931133129
20	52.43243907344445
21	51.29888570744271
22	51.65656266920807
23	52.04502087156144
24	51.34106069912705
25	52.16015585696648
26	52.46157127223453
27	51.642023077818656
28	52.1344359520009
29	52.35778090634571
30	51.535198774319234
31	51.7418137674832
32	52.002385309788664
33	51.21631799010008
34	51.84389864726723
35	52.262822954610975
36	51.70719543877426
37	52.25028669525993
38	52.59810870606735
39	51.70838361321772
40	52.14206539545144
41	52.32104254306351
42	51.41623936051786
43	51.7716488701115
44	52.10657780606825
45	51.462801514658466
46	52.014417397833526
47	52.3140038768965
48	51.654940801943425
49	52.19019358446043
50	52.48603160378158
51	51.53192006509243
>>END_MODULE
>>Per sequence GC content	pass
#GC Content	Count
0	7324.0
1	4309.0
2	1294.0
3	1187.0
4	1080.0
5	1241.5
6	1403.0
7	1701.5
8	2000.0
9	2637.0
10	3274.0
11	4644.0
12	6014.0
13	8392.0
14	10770.0
15	15563.5
16	20357.0
17	28958.5
18	37560.0
19	52138.5
20	66717.0
21	88001.5
22	109286.0
23	140355.0
24	171424.0
25	218304.0
26	322221.5
27	379259.0
28	446362.0
29	513465.0
30	593133.0
31	672801.0
32	766399.5
33	859998.0
34	954571.0
35	1049144.0
36	1136595.5
37	1224047.0
38	1298007.5
39	1371968.0
40	1453463.0
41	1534958.0
42	1608541.0
43	1682124.0
44	1720911.5
45	1759699.0
46	1806579.0
47	1853459.0
48	1882688.0
49	1911917.0
50	1946757.0
51	1981597.0
52	2009810.5
53	2038024.0
54	2050165.5
55	2062307.0
56	2066235.5
57	2070164.0
58	2038429.5
59	2006695.0
60	1955024.5
61	1903354.0
62	1808708.5
63	1714063.0
64	1610138.0
65	1506213.0
66	1396155.5
67	1286098.0
68	1166028.0
69	1045958.0
70	934458.5
71	822959.0
72	717303.5
73	611648.0
74	534092.0
75	398476.5
76	340417.0
77	291258.5
78	242100.0
79	204519.0
80	166938.0
81	141493.0
82	116048.0
83	97463.5
84	78879.0
85	62910.0
86	46941.0
87	35078.0
88	23215.0
89	17640.0
90	12065.0
91	9296.0
92	6527.0
93	4119.5
94	1712.0
95	1100.5
96	489.0
97	324.5
98	160.0
99	101.5
100	43.0
>>END_MODULE
>>Per base N content	pass
#Base	N-Count
1	0.02841558618475578
2	0.09269593525661499
3	0.0
4	0.0
5	0.0
6	0.0
7	0.002110507621178913
8	0.0
9	0.0
10	0.0
11	5.269335716478233E-5
12	0.0
13	3.050668046382135E-5
14	0.0
15	8.042670304098356E-5
16	0.0
17	0.0
18	0.0
19	0.0015835740495310903
20	0.0
21	0.0
22	0.0
23	0.0
24	6.656003010288294E-5
25	0.0
26	4.437335340192196E-5
27	6.10133609276427E-5
28	0.0
29	0.0
30	0.0
31	0.006697603029102597
32	8.458670492241375E-4
33	0.0
34	0.0
35	4.74240214483041E-4
36	0.0
37	6.267736168021477E-4
38	9.734404402546631E-4
39	9.623471019041827E-4
40	0.0
41	0.0
42	0.0
43	3.7717350391633673E-4
44	0.0
45	0.0048782955396237965
46	3.5776016180299585E-4
47	0.00563541588204409
48	0.0025459211514352728
49	0.005812909295651777
50	8.042670304098356E-5
51	0.0017693874669016383
>>END_MODULE
>>Sequence Length Distribution	pass
#Length	Count
51	3.6057676E7
>>END_MODULE
>>Sequence Duplication Levels	fail
#Total Duplicate Percentage	67.60788585121448
#Duplication Level	Relative count
1	100.0
2	45.847904449346316
3	24.881637703771453
4	15.57809221498897
5	10.961962662075644
6	7.9585193952762685
7	5.79437241082477
8	4.795018023349653
9	3.743207618227794
10++	49.444504223381934
>>END_MODULE
>>Overrepresented sequences	pass
>>END_MODULE
>>Kmer Content	fail
#Sequence	Count	Obs/Exp Overall	Obs/Exp Max	Max Obs/Exp Position
TTTTT	6269040	5.3406444	13.250116	2
AAAAA	4775840	3.1587307	4.378891	10
CCTGG	4975695	2.7323618	5.3194356	1
GAAGA	4222570	2.5794168	6.7321577	2
GAAAA	3233135	2.0550745	6.0215282	2
GGAAG	3446750	2.0234632	5.610128	1
GGAAA	2896800	1.7695513	5.4433565	1
>>END_MODULE
