##FastQC	0.10.1
>>Basic Statistics	pass
#Measure	Value	
Filename	HON021020_001_R2.fastq.gz	
File type	Conventional base calls	
Encoding	Sanger / Illumina 1.9	
Total Sequences	32819701	
Filtered Sequences	0	
Sequence length	92	
%GC	50	
>>END_MODULE
>>Per base sequence quality	pass
#Base	Mean	Median	Lower Quartile	Upper Quartile	10th Percentile	90th Percentile
1	36.03593987647846	37.0	37.0	37.0	37.0	37.0
2	36.109982629031265	37.0	37.0	37.0	37.0	37.0
3	36.29764162080575	37.0	37.0	37.0	37.0	37.0
4	36.299475458353506	37.0	37.0	37.0	37.0	37.0
5	36.244835959961975	37.0	37.0	37.0	37.0	37.0
6	36.218738098802305	37.0	37.0	37.0	37.0	37.0
7	36.09374156089966	37.0	37.0	37.0	37.0	37.0
8	36.15965882809231	37.0	37.0	37.0	37.0	37.0
9	36.17838337405938	37.0	37.0	37.0	37.0	37.0
10-14	36.14705284487509	37.0	37.0	37.0	37.0	37.0
15-19	36.14655744121496	37.0	37.0	37.0	37.0	37.0
20-24	36.1157646256436	37.0	37.0	37.0	37.0	37.0
25-29	36.079404166418215	37.0	37.0	37.0	37.0	37.0
30-34	36.06334676236081	37.0	37.0	37.0	37.0	37.0
35-39	36.04929064405553	37.0	37.0	37.0	37.0	37.0
40-44	35.977994028647615	37.0	37.0	37.0	37.0	37.0
45-49	35.942601439300134	37.0	37.0	37.0	37.0	37.0
50-54	35.89392125784449	37.0	37.0	37.0	37.0	37.0
55-59	35.84450131949709	37.0	37.0	37.0	37.0	37.0
60-64	35.80746502230475	37.0	37.0	37.0	37.0	37.0
65-69	35.775214271452384	37.0	37.0	37.0	37.0	37.0
70-74	35.74272814368418	37.0	37.0	37.0	37.0	37.0
75-79	35.6907065545783	37.0	37.0	37.0	37.0	37.0
80-84	35.64837368262435	37.0	37.0	37.0	37.0	37.0
85-89	35.62389021155312	37.0	37.0	37.0	37.0	37.0
90-92	35.54320284636353	37.0	37.0	37.0	37.0	37.0
>>END_MODULE
>>Per sequence quality scores	pass
#Quality	Count
10	1.0
11	100.0
12	667.0
13	3352.0
14	6526.0
15	7531.0
16	7631.0
17	7590.0
18	8569.0
19	11082.0
20	16584.0
21	25439.0
22	37791.0
23	51945.0
24	66949.0
25	82681.0
26	101199.0
27	124523.0
28	153868.0
29	196111.0
30	248935.0
31	324895.0
32	444934.0
33	682321.0
34	1371107.0
35	4183912.0
36	2.0308948E7
37	4344510.0
>>END_MODULE
>>Per base sequence content	fail
#Base	G	A	T	C
1	32.915224694613684	8.252190554743398	18.829591720580126	40.00299303006279
2	31.999862607341445	7.6688875940006715	31.000014050136553	29.33123574852133
3	31.939565817848862	13.436321906324581	21.392439023832864	33.23167325199369
4	32.748869238425286	17.62375610132879	20.11230756410137	29.515067096144556
5	32.72772350972972	21.686754550262354	23.46305653424448	22.122465405763446
6	31.579230414073546	22.49942496429203	22.69544137528858	23.225903246345847
7	22.056961992530717	24.133305047699707	38.05086977409257	15.758863185677003
8	25.11508864751693	20.256330184117154	32.60579064995138	22.022790518414535
9	25.464677450900602	18.495372642182208	33.32813422035746	22.711815686559728
10-14	26.610972809804366	24.798579947676227	26.845022696078974	21.745424546440432
15-19	26.83294463385794	23.863035219506454	26.46071051573434	22.843309630901263
20-24	26.827207293445525	23.932965620163014	26.03612081827254	23.203706268118918
25-29	26.761964552025525	23.9458762429069	25.840348393075995	23.451810811991585
30-34	26.561738048067024	24.008164935788663	25.853763869884883	23.57633314625943
35-39	26.8504686054442	23.93142961461939	25.528536440708443	23.68956533922797
40-44	26.858736156343532	23.989950380854204	25.418445682042325	23.73286778075994
45-49	26.917621942046544	23.944065927319667	25.47447307153499	23.6638390590988
50-54	26.982394327937882	23.987870556221676	25.21552651243554	23.814208603404897
55-59	26.74394452152618	24.0408450547929	25.326577638827587	23.888632784853332
60-64	26.76803488749208	23.84787716201889	25.450012181761387	23.934075768727645
65-69	26.91206383058281	23.983244759643956	25.414958362297664	23.689733047475567
70-74	26.869805381819184	24.17925594145126	25.141027090987127	23.809911585742434
75-79	26.967074326360763	24.206566599478826	25.08357528914434	23.742783785016073
80-84	27.207456869830065	24.081195710206092	24.98450814179744	23.7268392781664
85-89	27.25676835928372	24.248948448484818	24.822386107422314	23.671897084809153
90-92	27.508056916939267	24.401687128116905	24.445255379261138	23.645000575682694
>>END_MODULE
>>Per base GC content	fail
#Base	%GC
1	72.91821772467647
2	61.331098355862764
3	65.17123906984256
4	62.263936334569834
5	54.85018891549317
6	54.80513366041939
7	37.81582517820772
8	47.137879165931466
9	48.17649313746033
10-14	48.3563973562448
15-19	49.6762542647592
20-24	50.03091356156445
25-29	50.21377536401711
30-34	50.13807119432645
35-39	50.54003394467217
40-44	50.59160393710347
45-49	50.58146100114534
50-54	50.79660293134278
55-59	50.63257730637951
60-64	50.70211065621972
65-69	50.60179687805838
70-74	50.67971696756162
75-79	50.70985811137684
80-84	50.93429614799646
85-89	50.92866544409287
90-92	51.153057492621954
>>END_MODULE
>>Per sequence GC content	pass
#GC Content	Count
0	1466.0
1	1158.5
2	856.0
3	964.0
4	1207.5
5	1448.5
6	1716.0
7	1977.0
8	2147.0
9	2367.5
10	2621.5
11	2886.0
12	3041.0
13	3143.5
14	3481.0
15	3949.0
16	4675.5
17	5665.0
18	6879.0
19	8894.5
20	11758.0
21	15796.0
22	22188.0
23	31240.5
24	43274.0
25	50175.0
26	59335.0
27	80471.0
28	108378.0
29	142854.0
30	184329.0
31	233394.0
32	295235.5
33	364360.0
34	433859.0
35	502591.0
36	580775.5
37	626309.0
38	664495.5
39	752174.0
40	844394.5
41	932813.5
42	1025530.0
43	1105196.5
44	1169992.5
45	1220904.5
46	1249465.5
47	1255565.0
48	1243035.0
49	1242192.5
50	1250175.0
51	1223434.5
52	1182238.5
53	1146992.5
54	1122743.5
55	1089297.0
56	1044406.0
57	1019615.5
58	988874.0
59	951217.5
60	904985.5
61	847643.0
62	819730.0
63	778543.5
64	699357.0
65	626468.0
66	555117.5
67	485320.0
68	413525.0
69	344773.0
70	289935.5
71	236619.0
72	186701.5
73	153765.0
74	127512.0
75	113050.0
76	103029.0
77	84746.5
78	69858.0
79	57105.5
80	46469.5
81	37234.0
82	29306.0
83	21488.0
84	15525.0
85	11506.0
86	7098.5
87	5362.0
88	4016.0
89	2218.0
90	1438.0
91	1075.0
92	1022.5
93	984.0
94	1044.0
95	1166.0
96	1264.0
97	1514.5
98	2143.5
99	14143.5
100	25708.0
>>END_MODULE
>>Per base N content	pass
#Base	N-Count
1	0.05125884602056552
2	0.026301275566160704
3	0.001602695892933333
4	1.8281702200760453E-5
5	0.0
6	0.0
7	0.006395548819899365
8	0.0
9	0.0
10-14	0.009468093569773838
15-19	2.656940719843852E-4
20-24	0.00924993192351143
25-29	0.00332848858068512
30-34	0.009385825909870416
35-39	0.005205410006629859
40-44	0.019129973182875737
45-49	0.0017617467020799489
50-54	0.001989049199442737
55-59	4.2413549105764243E-4
60-64	4.418078031850443E-4
65-69	6.886107828953103E-5
70-74	2.5838139110408105E-4
75-79	2.1877103633576676E-4
80-84	6.203590946791379E-4
85-89	5.978116619648668E-4
90-92	0.002119661805165948
>>END_MODULE
>>Sequence Length Distribution	pass
#Length	Count
92	3.2819701E7
>>END_MODULE
>>Sequence Duplication Levels	fail
#Total Duplicate Percentage	67.7768779105082
#Duplication Level	Relative count
1	100.0
2	38.60508953817153
3	19.68583097706566
4	12.16588124410933
5	8.559220860823123
6	6.348727615457116
7	4.795475966069746
8	4.17593465284323
9	3.4759660697455232
10++	53.523091423185676
>>END_MODULE
>>Overrepresented sequences	pass
>>END_MODULE
>>Kmer Content	warn
#Sequence	Count	Obs/Exp Overall	Obs/Exp Max	Max Obs/Exp Position
AAAAA	9942295	4.910489	5.756173	75-79
TTTTT	13092100	4.084585	15.628567	2
CTCCT	7100020	2.7740855	9.9217825	1
CCTCC	6525220	2.7480798	6.90054	1
CTCCA	6215475	2.662162	8.841809	1
CTTCT	7151450	2.5922718	5.196046	6
GGGGG	10980765	2.5733302	9.161276	1
TCCTC	6358965	2.4845443	6.10583	2
CCCAG	5949065	2.4063222	6.819005	1
CTTCA	5508265	2.188775	5.449532	6
TCCAG	5782315	2.1698658	5.026748	2
CCCCA	4409930	2.0359437	8.450359	1
CTGGG	7004755	1.9839926	5.7524095	1
CTCCC	4515665	1.9017608	9.1830435	1
CCTCT	4735285	1.8501477	5.677237	3
CCCAC	3711030	1.7132807	5.3727884	1
GGGGC	6266530	1.6761739	5.3845773	2
GGGGA	6064050	1.6496079	5.476586	1
GTGGG	5975370	1.4828011	5.198961	1
CCCCC	3125605	1.4188687	6.0281973	1
CCCCT	3117365	1.3128704	5.2391896	1
CGGGG	3897980	1.0426332	6.3955064	1
>>END_MODULE
