##FastQC	0.10.1
>>Basic Statistics	pass
#Measure	Value	
Filename	HON021020_004_R1.fastq.gz	
File type	Conventional base calls	
Encoding	Sanger / Illumina 1.9	
Total Sequences	38786673	
Filtered Sequences	0	
Sequence length	51	
%GC	51	
>>END_MODULE
>>Per base sequence quality	pass
#Base	Mean	Median	Lower Quartile	Upper Quartile	10th Percentile	90th Percentile
1	36.48114129304155	37.0	37.0	37.0	37.0	37.0
2	36.48265634951469	37.0	37.0	37.0	37.0	37.0
3	36.49795229923433	37.0	37.0	37.0	37.0	37.0
4	36.523246708992026	37.0	37.0	37.0	37.0	37.0
5	36.563076678425084	37.0	37.0	37.0	37.0	37.0
6	36.53351492663472	37.0	37.0	37.0	37.0	37.0
7	36.51487705583823	37.0	37.0	37.0	37.0	37.0
8	36.57115089505099	37.0	37.0	37.0	37.0	37.0
9	36.56681476650498	37.0	37.0	37.0	37.0	37.0
10	36.5495531158344	37.0	37.0	37.0	37.0	37.0
11	36.56863039013426	37.0	37.0	37.0	37.0	37.0
12	36.55269919644822	37.0	37.0	37.0	37.0	37.0
13	36.530997180397506	37.0	37.0	37.0	37.0	37.0
14	36.520431927739715	37.0	37.0	37.0	37.0	37.0
15	36.52109089119348	37.0	37.0	37.0	37.0	37.0
16	36.52154746554313	37.0	37.0	37.0	37.0	37.0
17	36.5175700684614	37.0	37.0	37.0	37.0	37.0
18	36.51158992162076	37.0	37.0	37.0	37.0	37.0
19	36.509966193800636	37.0	37.0	37.0	37.0	37.0
20	36.51292852573357	37.0	37.0	37.0	37.0	37.0
21	36.49459382608042	37.0	37.0	37.0	37.0	37.0
22	36.47958748614505	37.0	37.0	37.0	37.0	37.0
23	36.459699160069746	37.0	37.0	37.0	37.0	37.0
24	36.45290386210748	37.0	37.0	37.0	37.0	37.0
25	36.454291838848874	37.0	37.0	37.0	37.0	37.0
26	36.4368176409459	37.0	37.0	37.0	37.0	37.0
27	36.418977982463204	37.0	37.0	37.0	37.0	37.0
28	36.41426169756813	37.0	37.0	37.0	37.0	37.0
29	36.397211305027376	37.0	37.0	37.0	37.0	37.0
30	36.39507572613923	37.0	37.0	37.0	37.0	37.0
31	36.377427215786206	37.0	37.0	37.0	37.0	37.0
32	36.38483285225314	37.0	37.0	37.0	37.0	37.0
33	36.371231891943914	37.0	37.0	37.0	37.0	37.0
34	36.36951251271281	37.0	37.0	37.0	37.0	37.0
35	36.36964583170101	37.0	37.0	37.0	37.0	37.0
36	36.363590581744404	37.0	37.0	37.0	37.0	37.0
37	36.356043298686636	37.0	37.0	37.0	37.0	37.0
38	36.339093894441525	37.0	37.0	37.0	37.0	37.0
39	36.33735035742818	37.0	37.0	37.0	37.0	37.0
40	36.337160111670315	37.0	37.0	37.0	37.0	37.0
41	36.32709851138818	37.0	37.0	37.0	37.0	37.0
42	36.313271751872094	37.0	37.0	37.0	37.0	37.0
43	36.31618280330463	37.0	37.0	37.0	37.0	37.0
44	36.30751085559723	37.0	37.0	37.0	37.0	37.0
45	36.29676592782268	37.0	37.0	37.0	37.0	37.0
46	36.29460448953691	37.0	37.0	37.0	37.0	37.0
47	36.29239140980202	37.0	37.0	37.0	37.0	37.0
48	36.285962397445125	37.0	37.0	37.0	37.0	37.0
49	36.27998031695062	37.0	37.0	37.0	37.0	37.0
50	36.27843638457983	37.0	37.0	37.0	37.0	37.0
51	36.220466834059216	37.0	37.0	37.0	37.0	37.0
>>END_MODULE
>>Per sequence quality scores	pass
#Quality	Count
15	4.0
16	8.0
17	24.0
18	76.0
19	213.0
20	449.0
21	1171.0
22	2803.0
23	6593.0
24	13803.0
25	28710.0
26	48955.0
27	85621.0
28	122859.0
29	190082.0
30	245626.0
31	335849.0
32	410751.0
33	544947.0
34	760020.0
35	1718763.0
36	1.5062104E7
37	1.9207242E7
>>END_MODULE
>>Per base sequence content	warn
#Base	G	A	T	C
1	30.374182510554924	17.05624884431576	15.747466263046498	36.82210238208281
2	29.548319008951374	17.622602650500976	27.822438462550053	25.006639877997593
3	23.35707937620739	22.553282670055253	27.664930168153372	26.424707785583983
4	24.772000939601085	29.68280625667481	21.54300267001503	24.00219013370907
5	28.605031424066713	30.74556046609102	19.543908805996328	21.10549930384594
6	23.287831364138913	34.180436151355394	19.570075010042753	22.961657474462942
7	21.99922672802515	18.20063901677922	33.977037390659824	25.823096864535806
8	22.788520685958293	21.043676522603523	24.38088979686399	31.786912994574195
9	24.10734480887288	20.46941226436204	25.182175331202032	30.24106759556304
10	24.038058123727186	32.66013045253972	21.025587835285588	22.276223588447504
11	27.24601751412297	23.79498652641769	19.090338346133144	29.868657613326192
12	26.299252323085305	21.667163873529447	23.326146070842427	28.70743773254282
13	24.235492384702123	24.140542223481763	24.672655529230354	26.95130986258576
14	24.7946814102875	24.567464190599694	24.298987953929434	26.338866445183374
15	25.108075862402536	24.66664040333059	24.024718405644997	26.200565328621884
16	25.280477137082624	24.238315052183	23.568703611160462	26.91250419957391
17	25.330654165671803	24.608194675526825	23.146344622030355	26.914806536771017
18	24.92853666515816	25.342065301656575	23.500208434995184	26.22918959819008
19	25.36496225216551	24.713705174430427	23.405426062029598	26.51590651137447
20	25.642075565491268	24.69174399155091	22.91347855486342	26.7527018880944
21	24.870093910864693	25.248909593251266	23.59348016263215	26.287516333251887
22	25.12886062694782	24.935533913929664	23.459877571865988	26.475727887256532
23	25.530882733870985	25.001961369566295	23.09147783827708	26.37567805828564
24	24.951583844334028	25.225139377888883	23.538432305556757	26.284844472220332
25	25.18392851070263	24.58868797537752	23.311187324574085	26.916196189345758
26	25.41091128322815	24.54638201998177	23.024374077920662	27.018332618869422
27	24.956023530981742	24.971268466275458	23.482764122048998	26.589943880693802
28	25.233002067488492	24.571816200889412	23.376369507124263	26.818812224497833
29	25.64817559887129	24.643596010413166	23.088675329281273	26.61955306143427
30	25.127326594884796	25.11503629094457	23.40701147530751	26.35062563886312
31	24.93714428040798	24.820910961874542	23.530816526170803	26.71112823154667
32	25.31590255205391	24.868043708597522	23.149951188985973	26.66610255036259
33	24.690960853769564	25.231713615439862	23.622186507777723	26.45513902301285
34	25.000277801604692	24.82566627975542	23.398740593192922	26.775315325446964
35	25.424263815638852	24.79427109652642	22.97438179489348	26.807083292941254
36	25.061618458484443	24.999298083648476	23.350494640259555	26.588588817607533
37	25.142397129139603	24.56968380763979	23.312217953803987	26.975701109416615
38	25.554843964275026	24.54717141176874	22.873714978300335	27.024269645655902
39	24.983866731961175	24.93122960846447	23.410383879220902	26.67451978035345
40	25.241672571401008	24.64633922069057	23.345642458171135	26.766345749737287
41	25.5578172430515	24.82503977590447	22.94515180510584	26.671991175938185
42	24.877057642969273	25.236083022640276	23.409819140713616	26.47704019367683
43	24.860064115585743	24.902166379328815	23.399613159347428	26.838156345738014
44	25.275949808842846	24.79554253080691	23.213408894338528	26.715098766011717
45	24.858075056850293	25.060840261462484	23.53205167359417	26.549033008093048
46	25.06153942142786	24.72631470933716	23.352742138248033	26.85940373098695
47	25.508155450800054	24.630889822194387	23.098109579370515	26.762845147635044
48	25.071612788950148	25.010881596218397	23.409919178913245	26.507586435918213
49	25.23847252482419	24.59099906722919	23.271310275482335	26.899218132464288
50	25.541394467090413	24.603571667515972	22.937059908120435	26.917973957273176
51	24.820826462619852	25.106383099407438	23.467433520666386	26.605356917306324
>>END_MODULE
>>Per base GC content	fail
#Base	%GC
1	67.19628489263773
2	54.55495888694897
3	49.78178716179137
4	48.77419107331015
5	49.71053072791265
6	46.249488838601856
7	47.822323592560956
8	54.575433680532484
9	54.34841240443593
10	46.31428171217469
11	57.11467512744917
12	55.00669005562813
13	51.18680224728788
14	51.13354785547087
15	51.30864119102442
16	52.192981336656544
17	52.24546070244283
18	51.15772626334824
19	51.88086876353998
20	52.394777453585675
21	51.15761024411658
22	51.60458851420435
23	51.90656079215663
24	51.23642831655436
25	52.10012470004839
26	52.42924390209757
27	51.54596741167554
28	52.05181429198632
29	52.267728660305565
30	51.477952233747914
31	51.64827251195465
32	51.98200510241651
33	51.146099876782415
34	51.77559312705166
35	52.23134710858011
36	51.650207276091976
37	52.11809823855622
38	52.57911360993093
39	51.65838651231462
40	52.008018321138294
41	52.229808418989684
42	51.354097836646105
43	51.698220461323764
44	51.99104857485456
45	51.407108064943344
46	51.920943152414814
47	52.271000598435094
48	51.579199224868354
49	52.13769065728847
50	52.459368424363596
51	51.42618337992617
>>END_MODULE
>>Per sequence GC content	pass
#GC Content	Count
0	8321.0
1	4883.0
2	1445.0
3	1302.5
4	1160.0
5	1348.0
6	1536.0
7	1830.0
8	2124.0
9	2905.5
10	3687.0
11	5024.0
12	6361.0
13	9042.5
14	11724.0
15	16643.5
16	21563.0
17	30264.0
18	38965.0
19	52809.0
20	66653.0
21	88038.0
22	109423.0
23	142199.0
24	174975.0
25	221340.5
26	329908.0
27	392110.0
28	462127.0
29	532144.0
30	617199.0
31	702254.0
32	811802.5
33	921351.0
34	1030107.5
35	1138864.0
36	1235772.0
37	1332680.0
38	1413775.0
39	1494870.0
40	1585888.0
41	1676906.0
42	1761269.0
43	1845632.0
44	1899705.0
45	1953778.0
46	2006489.5
47	2059201.0
48	2080728.5
49	2102256.0
50	2145954.0
51	2189652.0
52	2223338.0
53	2257024.0
54	2255118.5
55	2253213.0
56	2236257.5
57	2219302.0
58	2176738.0
59	2134174.0
60	2072606.5
61	2011039.0
62	1904543.5
63	1798048.0
64	1687683.5
65	1577319.0
66	1458968.0
67	1340617.0
68	1213366.0
69	1086115.0
70	969277.0
71	852439.0
72	741964.5
73	631490.0
74	550125.5
75	406783.5
76	344806.0
77	295962.0
78	247118.0
79	212679.5
80	178241.0
81	153189.5
82	128138.0
83	108958.5
84	89779.0
85	72480.0
86	55181.0
87	41936.5
88	28692.0
89	21889.5
90	15087.0
91	11898.0
92	8709.0
93	5849.5
94	2990.0
95	1861.5
96	733.0
97	488.0
98	243.0
99	158.5
100	74.0
>>END_MODULE
>>Per base N content	pass
#Base	N-Count
1	0.028213298933888967
2	0.0927148353250097
3	0.0
4	0.0
5	0.0
6	0.0
7	0.0021579577088243684
8	0.0
9	0.0
10	0.0
11	8.250256473402604E-5
12	0.0
13	2.3203846331444825E-5
14	0.0
15	7.476794929021109E-5
16	0.0
17	0.0
18	0.0
19	0.0015649705247985566
20	0.0
21	0.0
22	0.0
23	0.0
24	8.508076988196435E-5
25	0.0
26	4.125128236701302E-5
27	5.4142308106704596E-5
28	0.0
29	0.0
30	0.0
31	0.006736850051562814
32	8.894807760387183E-4
33	2.5782051479383137E-6
34	0.0
35	4.975935935520946E-4
36	0.0
37	6.497076972804551E-4
38	9.35888468701608E-4
39	9.255756481098546E-4
40	0.0
41	0.0
42	0.0
43	4.1251282367013017E-4
44	0.0
45	0.004929528242858056
46	3.94465387634562E-4
47	0.005628221837949339
48	0.0025859397633821285
49	0.005739084659310686
50	7.218974414227278E-5
51	0.001732553859414547
>>END_MODULE
>>Sequence Length Distribution	pass
#Length	Count
51	3.8786673E7
>>END_MODULE
>>Sequence Duplication Levels	fail
#Total Duplicate Percentage	70.26893026277547
#Duplication Level	Relative count
1	100.0
2	47.225416906267974
3	26.29672225416906
4	16.75531914893617
5	11.64318573893042
6	8.6860264519839
7	6.541115583668775
8	5.35365152386429
9	4.414893617021277
10++	60.60523289246694
>>END_MODULE
>>Overrepresented sequences	pass
>>END_MODULE
>>Kmer Content	fail
#Sequence	Count	Obs/Exp Overall	Obs/Exp Max	Max Obs/Exp Position
TTTTT	6935405	5.484961	14.162559	2
AAAAA	5096450	3.0695696	4.3316545	10
CCTGG	5433445	2.7988381	5.6007533	1
GAAGA	4528430	2.6023676	6.8861766	2
GGAAG	3655950	2.0522337	5.7247505	1
GAAAA	3454635	2.032439	6.0454135	2
AAAAT	3165365	2.0132232	5.068953	3
GGAAA	3057740	1.7572013	5.5005426	1
>>END_MODULE
