##FastQC	0.10.1
>>Basic Statistics	pass
#Measure	Value	
Filename	HON021020_005_R1.fastq.gz	
File type	Conventional base calls	
Encoding	Sanger / Illumina 1.9	
Total Sequences	37195226	
Filtered Sequences	0	
Sequence length	51	
%GC	52	
>>END_MODULE
>>Per base sequence quality	pass
#Base	Mean	Median	Lower Quartile	Upper Quartile	10th Percentile	90th Percentile
1	36.48302075110392	37.0	37.0	37.0	37.0	37.0
2	36.48688581701318	37.0	37.0	37.0	37.0	37.0
3	36.5048186560286	37.0	37.0	37.0	37.0	37.0
4	36.53078580568377	37.0	37.0	37.0	37.0	37.0
5	36.57159722594507	37.0	37.0	37.0	37.0	37.0
6	36.543107386953366	37.0	37.0	37.0	37.0	37.0
7	36.52373753556438	37.0	37.0	37.0	37.0	37.0
8	36.57978876106304	37.0	37.0	37.0	37.0	37.0
9	36.57221666027785	37.0	37.0	37.0	37.0	37.0
10	36.55308452756813	37.0	37.0	37.0	37.0	37.0
11	36.57291269046194	37.0	37.0	37.0	37.0	37.0
12	36.55776410660874	37.0	37.0	37.0	37.0	37.0
13	36.536413060106156	37.0	37.0	37.0	37.0	37.0
14	36.526802767645506	37.0	37.0	37.0	37.0	37.0
15	36.52720152849723	37.0	37.0	37.0	37.0	37.0
16	36.52793823594458	37.0	37.0	37.0	37.0	37.0
17	36.52502651818811	37.0	37.0	37.0	37.0	37.0
18	36.517993895238064	37.0	37.0	37.0	37.0	37.0
19	36.51538589925492	37.0	37.0	37.0	37.0	37.0
20	36.51866037861956	37.0	37.0	37.0	37.0	37.0
21	36.499292785584906	37.0	37.0	37.0	37.0	37.0
22	36.48340660707371	37.0	37.0	37.0	37.0	37.0
23	36.463770162332125	37.0	37.0	37.0	37.0	37.0
24	36.4561615783703	37.0	37.0	37.0	37.0	37.0
25	36.455841026480115	37.0	37.0	37.0	37.0	37.0
26	36.44038917790149	37.0	37.0	37.0	37.0	37.0
27	36.422192998639126	37.0	37.0	37.0	37.0	37.0
28	36.41576728153231	37.0	37.0	37.0	37.0	37.0
29	36.39783793758909	37.0	37.0	37.0	37.0	37.0
30	36.39830466415233	37.0	37.0	37.0	37.0	37.0
31	36.380433338407464	37.0	37.0	37.0	37.0	37.0
32	36.38772814554212	37.0	37.0	37.0	37.0	37.0
33	36.37356552155376	37.0	37.0	37.0	37.0	37.0
34	36.37103412142193	37.0	37.0	37.0	37.0	37.0
35	36.3687086616976	37.0	37.0	37.0	37.0	37.0
36	36.362575777869985	37.0	37.0	37.0	37.0	37.0
37	36.354583999570266	37.0	37.0	37.0	37.0	37.0
38	36.337734686704145	37.0	37.0	37.0	37.0	37.0
39	36.33587667944268	37.0	37.0	37.0	37.0	37.0
40	36.336992655993	37.0	37.0	37.0	37.0	37.0
41	36.32792251349676	37.0	37.0	37.0	37.0	37.0
42	36.316797376093376	37.0	37.0	37.0	37.0	37.0
43	36.31833915997714	37.0	37.0	37.0	37.0	37.0
44	36.31024137344938	37.0	37.0	37.0	37.0	37.0
45	36.296449092687325	37.0	37.0	37.0	37.0	37.0
46	36.29341899952429	37.0	37.0	37.0	37.0	37.0
47	36.29020579146367	37.0	37.0	37.0	37.0	37.0
48	36.28238156154771	37.0	37.0	37.0	37.0	37.0
49	36.27329574499695	37.0	37.0	37.0	37.0	37.0
50	36.27519787082353	37.0	37.0	37.0	37.0	37.0
51	36.21718370524217	37.0	37.0	37.0	37.0	37.0
>>END_MODULE
>>Per sequence quality scores	pass
#Quality	Count
14	3.0
15	9.0
16	9.0
17	32.0
18	95.0
19	186.0
20	485.0
21	1072.0
22	2635.0
23	6177.0
24	12568.0
25	25781.0
26	44547.0
27	78472.0
28	114238.0
29	177578.0
30	231686.0
31	316434.0
32	389861.0
33	519715.0
34	732152.0
35	1680053.0
36	1.459513E7
37	1.8266308E7
>>END_MODULE
>>Per base sequence content	warn
#Base	G	A	T	C
1	31.417055724029648	16.731760559463787	15.483832242187038	36.36735147431953
2	29.89335147576914	17.13893188077595	27.291652662198118	25.676063981256785
3	24.03732134871287	22.043909613561695	27.44920813224794	26.46956090547749
4	25.204229166398935	29.10419471574121	21.344061735234515	24.34751438262534
5	28.927758094546864	30.26331389947731	19.371061221673987	21.437866784301836
6	23.566274338540115	33.806376119343916	19.31757586309598	23.30977367901999
7	22.275745811197385	18.022363581614435	33.64696567225174	26.05492493493644
8	23.210857759003805	20.897103838003297	23.94441157582965	31.94762682716325
9	24.317155647878035	20.353980373717853	24.80294110862507	30.525922869779045
10	24.23005844889879	32.390812734946145	20.95304650118271	22.426082314972355
11	27.470561721749277	23.525095109731243	18.949176096536124	30.05516707198336
12	26.348526555531613	21.585095356054566	23.19903366093272	28.867344427481097
13	24.44029689736133	24.016823025953528	24.590754438790523	26.952125637894618
14	25.02208213494925	24.279174967239076	24.12152032629134	26.577222571520338
15	25.275530175936677	24.40913612509141	23.859831376091538	26.45550232288037
16	25.414952445778926	24.006191009566656	23.450428826538115	27.1284277181163
17	25.493467898272755	24.37449633993352	22.986530583252808	27.145505178540922
18	25.065308112390554	25.12825705105273	23.357344300045387	26.449090536511328
19	25.52412957481243	24.47347895331339	23.27765698238406	26.72473448949012
20	25.78950051278086	24.45121317450793	22.766886804236652	26.992399508474556
21	25.02820926535034	25.03397075743	23.42700646582978	26.510813511389873
22	25.30403498556508	24.658019284517856	23.325117045934874	26.71282868398219
23	25.74640627267596	24.713037097825406	22.94534519026716	26.595211439231477
24	25.107458065766373	24.987625421737807	23.395828930324274	26.509087582171542
25	25.324306404268114	24.341505546975302	23.176732411842316	27.157455636914264
26	25.549959824135453	24.298831218003112	22.880820939961175	27.27038801790026
27	25.086075631917627	24.739264715798246	23.338261209861617	26.83639844242251
28	25.3753801630349	24.334977827530878	23.23996633331385	27.049675676120373
29	25.808500262910083	24.373606440783558	22.937707113273085	26.880186183033274
30	25.256641806666263	24.86877751461975	23.270153002968712	26.604427675745267
31	25.128741211679777	24.541515125361528	23.369912964407387	26.959830698551308
32	25.507698199313822	24.590721122974497	22.97957420650749	26.922006471204195
33	24.86633096408663	24.958493329224563	23.46278525098893	26.71239045569988
34	25.176704128642747	24.538267357214067	23.248940603291402	27.036087910851787
35	25.540171252867584	24.44977902439507	22.851741371218797	27.158308351518546
36	25.176400326213905	24.74595261230568	23.28101461192896	26.796632449551456
37	25.30759922236839	24.295113401025244	23.174252768988513	27.22303460761785
38	25.730745579876462	24.26718693170954	22.749653124375584	27.25241436403841
39	25.140275313617664	24.67453930702472	23.27891214952075	26.906273229836863
40	25.405133981441598	24.387995384138815	23.208430028090163	26.998440606329428
41	25.734431617648994	24.472613770380104	22.854868525331717	26.938086086639185
42	25.025246519539902	24.989424718107642	23.271252606450084	26.714076155902372
43	25.00390307196969	24.61667155217194	23.253942237115837	27.125483138742535
44	25.43765966094681	24.522956252504017	23.020147800688186	27.019236285860988
45	25.01412146044979	24.816099720512174	23.372289447875296	26.79748937116274
46	25.212806382607933	24.44678298564127	23.223967966944446	27.11644266480635
47	25.67081099044337	24.372328801302608	22.948680720909074	27.008179487344947
48	25.248307238076944	24.745697210568387	23.264408869286335	26.741586682068334
49	25.41243436367302	24.339713950006033	23.15136965659326	27.09648202972768
50	25.71306458874941	24.352152171921787	22.78830492961819	27.146478309710613
51	24.968750125186354	24.859422277172925	23.340801900837675	26.831025696803046
>>END_MODULE
>>Per base GC content	fail
#Base	%GC
1	67.78440719834917
2	55.569415457025926
3	50.506882254190366
4	49.55174354902427
5	50.365624878848706
6	46.8760480175601
7	48.330670746133826
8	55.158484586167056
9	54.84307851765708
10	46.65614076387115
11	57.52572879373263
12	55.215870983012714
13	51.39242253525595
14	51.59930470646958
15	51.73103249881705
16	52.54338016389523
17	52.63897307681368
18	51.51439864890188
19	52.248864064302545
20	52.78190002125541
21	51.53902277674022
22	52.01686366954726
23	52.34161771190744
24	51.61654564793792
25	52.48176204118238
26	52.82034784203571
27	51.922474074340144
28	52.42505583915528
29	52.688686445943354
30	51.86106948241154
31	52.08857191023108
32	52.42970467051802
33	51.57872141978651
34	52.21279203949452
35	52.69847960438613
36	51.97303277576536
37	52.53063382998624
38	52.98315994391487
39	52.04654854345453
40	52.40357458777102
41	52.67251770428818
42	51.73932267544228
43	52.12938621071223
44	52.456895946807805
45	51.81161083161253
46	52.32924904741429
47	52.67899047778831
48	51.98989392014528
49	52.5089163934007
50	52.85954289846002
51	51.7997758219894
>>END_MODULE
>>Per sequence GC content	pass
#GC Content	Count
0	8140.0
1	4778.5
2	1417.0
3	1229.0
4	1041.0
5	1218.0
6	1395.0
7	1667.0
8	1939.0
9	2678.5
10	3418.0
11	4590.5
12	5763.0
13	8217.5
14	10672.0
15	14812.5
16	18953.0
17	27125.0
18	35297.0
19	47878.0
20	60459.0
21	79885.0
22	99311.0
23	128144.5
24	156978.0
25	198616.0
26	295175.0
27	350096.0
28	417117.5
29	484139.0
30	561920.0
31	639701.0
32	738528.5
33	837356.0
34	940423.0
35	1043490.0
36	1133484.0
37	1223478.0
38	1301011.5
39	1378545.0
40	1462555.0
41	1546565.0
42	1624588.5
43	1702612.0
44	1758824.0
45	1815036.0
46	1871180.0
47	1927324.0
48	1954367.0
49	1981410.0
50	2029992.5
51	2078575.0
52	2122834.0
53	2167093.0
54	2178734.0
55	2190375.0
56	2178515.0
57	2166655.0
58	2134898.0
59	2103141.0
60	2048518.0
61	1993895.0
62	1895237.5
63	1796580.0
64	1694913.5
65	1593247.0
66	1478344.0
67	1363441.0
68	1234497.5
69	1105554.0
70	986901.0
71	868248.0
72	754476.0
73	640704.0
74	556103.0
75	408433.5
76	345365.0
77	295511.0
78	245657.0
79	211176.5
80	176696.0
81	150608.0
82	124520.0
83	105353.5
84	86187.0
85	68766.0
86	51345.0
87	39499.5
88	27654.0
89	20718.5
90	13783.0
91	10257.0
92	6731.0
93	4636.0
94	2541.0
95	1624.5
96	708.0
97	448.5
98	189.0
99	120.0
100	51.0
>>END_MODULE
>>Per base N content	pass
#Base	N-Count
1	0.02817028185283778
2	0.09266780634697581
3	0.0
4	0.0
5	0.0
6	0.0
7	0.002220715099297958
8	0.0
9	0.0
10	0.0
11	8.334402915040764E-5
12	0.0
13	4.0327756040519823E-5
14	0.0
15	6.99014438035677E-5
16	0.0
17	0.0
18	0.0
19	0.0015028810417767055
20	0.0
21	0.0
22	0.0
23	0.0
24	5.1081824317991776E-5
25	0.0
26	2.4196653624311898E-5
27	8.065551208103965E-5
28	0.0
29	0.0
30	0.0
31	0.006441686898205699
32	7.904240183941886E-4
33	0.0
34	0.0
35	4.5704790179255803E-4
36	0.0
37	6.344900283708452E-4
38	9.0871876944638E-4
39	9.00653218238276E-4
40	0.0
41	0.0
42	0.0
43	4.4360531644571806E-4
44	0.0
45	0.004933428822290259
46	3.979005262664623E-4
47	0.005877098313638422
48	0.0026401237621193644
49	0.00596044234278883
50	8.872106328914361E-5
51	0.001820126055962128
>>END_MODULE
>>Sequence Length Distribution	pass
#Length	Count
51	3.7195226E7
>>END_MODULE
>>Sequence Duplication Levels	fail
#Total Duplicate Percentage	70.76912607236582
#Duplication Level	Relative count
1	100.0
2	47.633321207711894
3	26.613313932339032
4	16.998181156784284
5	11.837031647871953
6	8.721716987995634
7	6.771917060749363
8	5.321207711895235
9	4.455438341214987
10++	62.66278646780648
>>END_MODULE
>>Overrepresented sequences	pass
>>END_MODULE
>>Kmer Content	fail
#Sequence	Count	Obs/Exp Overall	Obs/Exp Max	Max Obs/Exp Position
TTTTT	6500285	5.5558667	13.806874	2
AAAAA	4700925	3.1258304	4.382968	10
CCTGG	5439900	2.8442967	5.6506634	1
GAAGA	4300875	2.6238773	6.7603126	2
GAAAA	3216880	2.0488927	5.8547935	2
GGAAG	3500305	2.0454783	5.644669	1
GGAAA	2883800	1.7593484	5.380013	1
>>END_MODULE
