##FastQC	0.10.1
>>Basic Statistics	pass
#Measure	Value	
Filename	HON021020_004_R2.fastq.gz	
File type	Conventional base calls	
Encoding	Sanger / Illumina 1.9	
Total Sequences	38786673	
Filtered Sequences	0	
Sequence length	92	
%GC	51	
>>END_MODULE
>>Per base sequence quality	pass
#Base	Mean	Median	Lower Quartile	Upper Quartile	10th Percentile	90th Percentile
1	36.116850187176404	37.0	37.0	37.0	37.0	37.0
2	36.12714233056287	37.0	37.0	37.0	37.0	37.0
3	36.30221199946693	37.0	37.0	37.0	37.0	37.0
4	36.29996751719334	37.0	37.0	37.0	37.0	37.0
5	36.24359276703109	37.0	37.0	37.0	37.0	37.0
6	36.215258395583454	37.0	37.0	37.0	37.0	37.0
7	36.0851754931391	37.0	37.0	37.0	37.0	37.0
8	36.158099278069045	37.0	37.0	37.0	37.0	37.0
9	36.177210790933266	37.0	37.0	37.0	37.0	37.0
10-14	36.147768827710486	37.0	37.0	37.0	37.0	37.0
15-19	36.14680521322363	37.0	37.0	37.0	37.0	37.0
20-24	36.11079850029931	37.0	37.0	37.0	37.0	37.0
25-29	36.0688972472581	37.0	37.0	37.0	37.0	37.0
30-34	36.05052153867386	37.0	37.0	37.0	37.0	37.0
35-39	36.03211880018686	37.0	37.0	37.0	37.0	37.0
40-44	35.963234547082706	37.0	37.0	37.0	37.0	37.0
45-49	35.92572906162898	37.0	37.0	37.0	37.0	37.0
50-54	35.87389743894765	37.0	37.0	37.0	37.0	37.0
55-59	35.8197870129258	37.0	37.0	37.0	37.0	37.0
60-64	35.78127791471054	37.0	37.0	37.0	37.0	37.0
65-69	35.7443583315331	37.0	37.0	37.0	37.0	37.0
70-74	35.71494686332081	37.0	37.0	37.0	37.0	37.0
75-79	35.656452462421825	37.0	37.0	37.0	37.0	37.0
80-84	35.618882650749654	37.0	37.0	37.0	37.0	37.0
85-89	35.59233205694131	37.0	37.0	37.0	37.0	37.0
90-92	35.51454606586133	37.0	37.0	37.0	37.0	37.0
>>END_MODULE
>>Per sequence quality scores	pass
#Quality	Count
11	206.0
12	1054.0
13	4639.0
14	8142.0
15	8725.0
16	8394.0
17	8555.0
18	10028.0
19	13757.0
20	20886.0
21	32502.0
22	48087.0
23	66906.0
24	86974.0
25	108140.0
26	130760.0
27	158150.0
28	193165.0
29	242340.0
30	308754.0
31	398428.0
32	534420.0
33	808605.0
34	1600716.0
35	4814557.0
36	2.3727341E7
37	5442442.0
>>END_MODULE
>>Per base sequence content	fail
#Base	G	A	T	C
1	31.081087843568874	8.020696818370661	18.587569496396405	42.31064584166406
2	30.35156040667318	7.62734506115999	31.745422884286544	30.275671647880287
3	30.440636677506976	13.084933717498412	21.53415305646579	34.94027654852883
4	31.32426843161676	17.4796865768413	20.353063067959333	30.842981923582606
5	32.02166372970427	21.379735250816694	23.694081727504702	22.904519291974335
6	30.976822889655942	22.18520263390469	22.809453133554406	24.028521342884964
7	21.802251063767248	23.786273992615058	38.077192515637115	16.33428242798058
8	24.887826805872212	19.631954511798423	32.56718357875139	22.913035103577975
9	24.7911802076966	18.07405600372066	33.49001343837869	23.64475035020405
10-14	26.305144938429986	24.367592018381977	26.67507267920372	22.652190363984317
15-19	26.54361455091537	23.55384885430591	26.120303462453688	23.782233132325032
20-24	26.507376657874914	23.61375474041923	25.72522250448553	24.153646097220328
25-29	26.541078908141113	23.634023768986356	25.448664659125086	24.37623266374744
30-34	26.429649507444612	23.633195022938033	25.4220474464885	24.51510802312885
35-39	26.693283443232534	23.570190559920682	25.120053774660516	24.61647222218627
40-44	26.732380061762694	23.63426224171392	25.054908463511055	24.578449233012336
45-49	26.67445291204101	23.62654613961172	25.070406198549577	24.628594749797703
50-54	26.730819947005124	23.638855757754367	24.972906161915247	24.65741813332526
55-59	26.525518321804658	23.675429625249986	24.982688183032863	24.81636386991249
60-64	26.63288504184952	23.59400478265494	25.006095421306796	24.767014754188743
65-69	26.654761469106305	23.65143078140871	24.98537138218963	24.708436367295356
70-74	26.770867265824545	23.748227337525236	24.755610006015587	24.72529539063463
75-79	26.81918412831638	23.788109947183898	24.685975145898144	24.706730778601578
80-84	27.049550399898177	23.67986719971779	24.580731903314746	24.689850497069287
85-89	27.083519953540875	23.89508083536578	24.506845681260682	24.514553529832664
90-92	27.35000947381999	23.952463949057552	24.211741608506042	24.48578496861642
>>END_MODULE
>>Per base GC content	fail
#Base	%GC
1	73.39173368523294
2	60.62723205455346
3	65.3809132260358
4	62.167250355199364
5	54.92618302167861
6	55.00534423254091
7	38.13653349174783
8	47.80086190945019
9	48.43593055790065
10-14	48.9573353024143
15-19	50.3258476832404
20-24	50.66102275509524
25-29	50.917311571888554
30-34	50.94475753057347
35-39	51.3097556654188
40-44	51.310829294775026
45-49	51.303047661838704
50-54	51.38823808033038
55-59	51.34188219171715
60-64	51.39989979603826
65-69	51.36319783640165
70-74	51.49616265645918
75-79	51.52591490691796
80-84	51.73940089696747
85-89	51.59807348337354
90-92	51.83579444243641
>>END_MODULE
>>Per sequence GC content	pass
#GC Content	Count
0	2974.0
1	2269.5
2	1495.0
3	1483.0
4	1620.5
5	1825.5
6	2043.0
7	2265.5
8	2474.0
9	2743.0
10	3087.5
11	3372.5
12	3504.0
13	3868.0
14	4437.5
15	4994.5
16	5871.0
17	7328.5
18	9414.0
19	12206.5
20	16314.0
21	22620.0
22	31850.5
23	44944.5
24	61868.5
25	71091.0
26	83899.0
27	113352.0
28	150622.0
29	195644.0
30	249343.0
31	308613.5
32	374216.5
33	447284.0
34	521510.5
35	597085.0
36	675813.5
37	715761.0
38	752896.5
39	833646.0
40	917236.0
41	992957.5
42	1068873.5
43	1142257.5
44	1208957.5
45	1264199.0
46	1296047.5
47	1301954.0
48	1303146.0
49	1325617.0
50	1342709.0
51	1340046.5
52	1343031.5
53	1345192.5
54	1342658.0
55	1325373.5
56	1296079.0
57	1276276.5
58	1245777.0
59	1207748.0
60	1168876.0
61	1118100.5
62	1089923.0
63	1049663.5
64	964227.0
65	868454.0
66	767409.0
67	672578.5
68	572330.5
69	474227.5
70	394048.0
71	317918.0
72	252786.5
73	207576.0
74	171446.5
75	153583.0
76	137389.5
77	110624.5
78	90553.0
79	73496.0
80	59034.0
81	46300.0
82	36435.5
83	26845.0
84	18705.0
85	13336.5
86	8544.5
87	6536.0
88	5188.5
89	3176.0
90	2112.0
91	1621.5
92	1523.0
93	1594.5
94	1679.0
95	1800.0
96	2095.5
97	2590.0
98	3844.0
99	20849.5
100	36915.0
>>END_MODULE
>>Per base N content	pass
#Base	N-Count
1	0.05041680166793372
2	0.026243550200864097
3	0.0014669987291769007
4	1.2891025739691568E-5
5	0.0
6	0.0
7	0.006040734661619469
8	0.0
9	0.0
10-14	0.0093831198154067
15-19	2.9700923304249377E-4
20-24	0.00902320237675451
25-29	0.0032433820761063985
30-34	0.009446028021016394
35-39	0.005186317475592712
40-44	0.01909264040254239
45-49	0.0017284287311778457
50-54	0.0018877618093204333
55-59	4.1457538778848083E-4
60-64	4.707802600135361E-4
65-69	7.322102620144811E-5
70-74	2.6143000200094503E-4
75-79	2.408043608174385E-4
80-84	6.430043638958155E-4
85-89	6.027843635879777E-4
90-92	0.002165692324268184
>>END_MODULE
>>Sequence Length Distribution	pass
#Length	Count
92	3.8786673E7
>>END_MODULE
>>Sequence Duplication Levels	fail
#Total Duplicate Percentage	67.441041281842
#Duplication Level	Relative count
1	100.0
2	40.74992743488931
3	21.495105153442225
4	13.58154999076444
5	9.495474575823945
6	7.409557484761327
7	5.737921207483442
8	4.621737868432858
9	3.884212470644114
10++	56.897643612950894
>>END_MODULE
>>Overrepresented sequences	warn
#Sequence	Count	Percentage	Possible Source
GGGGGGGGGGGGGGGGGGGGGGGGGGGGGGGGGGGGGGGGGGGGGGGGGG	43039	0.11096337136211709	No Hit
>>END_MODULE
>>Kmer Content	warn
#Sequence	Count	Obs/Exp Overall	Obs/Exp Max	Max Obs/Exp Position
AAAAA	11693535	5.276392	5.9929576	70-74
TTTTT	16190965	4.5416565	18.456188	2
GGGGG	14104515	2.9466434	8.867184	1
CCAGG	9777910	2.8118174	5.09046	2
CTCCT	8944015	2.6947703	10.719813	1
CTTCT	9015620	2.6523793	5.1696124	6
CTCCA	8003880	2.6520379	9.232748	1
TCTTC	8628895	2.5386055	5.3010106	7
CCTCC	8145140	2.5132577	6.635933	1
TCCTC	8080475	2.4345913	6.454268	2
CCCAG	7675500	2.397681	6.974761	1
TCCAG	7778775	2.372721	5.5589323	2
CTGGG	9278550	2.2335086	6.4336267	1
CTTCA	6840235	2.2130992	5.216619	6
TGGGG	8920015	1.9766482	5.1100664	2
CCCCA	5617705	1.9062828	8.276505	1
TTTTC	6623220	1.9026545	5.264532	7
CCTCT	5985100	1.8032697	5.659451	3
CTCCC	5779835	1.783421	9.108785	1
GGGGC	7763960	1.7619612	5.004812	2
GGGGA	7073465	1.7237964	5.3352404	1
CCCAC	4642300	1.5752939	5.084765	1
GTGGG	6991120	1.549211	5.274688	1
TTTTG	5543910	1.4660989	5.584297	7
CCCCC	3927055	1.2409511	5.5800157	1
CCCCT	3992685	1.2319796	5.215092	1
CGGGG	4648145	1.0548548	6.1156836	1
>>END_MODULE
