##FastQC	0.10.1
>>Basic Statistics	pass
#Measure	Value	
Filename	HON021020_003_R1.fastq.gz	
File type	Conventional base calls	
Encoding	Sanger / Illumina 1.9	
Total Sequences	36405308	
Filtered Sequences	0	
Sequence length	51	
%GC	52	
>>END_MODULE
>>Per base sequence quality	pass
#Base	Mean	Median	Lower Quartile	Upper Quartile	10th Percentile	90th Percentile
1	36.48111105116869	37.0	37.0	37.0	37.0	37.0
2	36.4849146173959	37.0	37.0	37.0	37.0	37.0
3	36.500595352743616	37.0	37.0	37.0	37.0	37.0
4	36.52734771533866	37.0	37.0	37.0	37.0	37.0
5	36.56722920734526	37.0	37.0	37.0	37.0	37.0
6	36.54014387132777	37.0	37.0	37.0	37.0	37.0
7	36.5227139405056	37.0	37.0	37.0	37.0	37.0
8	36.57754187933254	37.0	37.0	37.0	37.0	37.0
9	36.57109128152411	37.0	37.0	37.0	37.0	37.0
10	36.55391625858515	37.0	37.0	37.0	37.0	37.0
11	36.573116837797386	37.0	37.0	37.0	37.0	37.0
12	36.55746821315177	37.0	37.0	37.0	37.0	37.0
13	36.5365518401877	37.0	37.0	37.0	37.0	37.0
14	36.52593616293536	37.0	37.0	37.0	37.0	37.0
15	36.525659390108714	37.0	37.0	37.0	37.0	37.0
16	36.52677647995726	37.0	37.0	37.0	37.0	37.0
17	36.523249082249215	37.0	37.0	37.0	37.0	37.0
18	36.51650138490794	37.0	37.0	37.0	37.0	37.0
19	36.513417411548886	37.0	37.0	37.0	37.0	37.0
20	36.518412864409775	37.0	37.0	37.0	37.0	37.0
21	36.49868288437499	37.0	37.0	37.0	37.0	37.0
22	36.4813832642207	37.0	37.0	37.0	37.0	37.0
23	36.464290262288124	37.0	37.0	37.0	37.0	37.0
24	36.456242452336895	37.0	37.0	37.0	37.0	37.0
25	36.457601017961444	37.0	37.0	37.0	37.0	37.0
26	36.44053350681719	37.0	37.0	37.0	37.0	37.0
27	36.423914721446664	37.0	37.0	37.0	37.0	37.0
28	36.41781341336269	37.0	37.0	37.0	37.0	37.0
29	36.402484659654576	37.0	37.0	37.0	37.0	37.0
30	36.39968874868467	37.0	37.0	37.0	37.0	37.0
31	36.38154741061386	37.0	37.0	37.0	37.0	37.0
32	36.388728149202855	37.0	37.0	37.0	37.0	37.0
33	36.37531960998654	37.0	37.0	37.0	37.0	37.0
34	36.373983101585075	37.0	37.0	37.0	37.0	37.0
35	36.37096392646919	37.0	37.0	37.0	37.0	37.0
36	36.366588740301275	37.0	37.0	37.0	37.0	37.0
37	36.358613859275685	37.0	37.0	37.0	37.0	37.0
38	36.34080167650278	37.0	37.0	37.0	37.0	37.0
39	36.33955056773589	37.0	37.0	37.0	37.0	37.0
40	36.33800582046992	37.0	37.0	37.0	37.0	37.0
41	36.32778077306749	37.0	37.0	37.0	37.0	37.0
42	36.31570423741505	37.0	37.0	37.0	37.0	37.0
43	36.31595573920155	37.0	37.0	37.0	37.0	37.0
44	36.30910168374348	37.0	37.0	37.0	37.0	37.0
45	36.29632343723064	37.0	37.0	37.0	37.0	37.0
46	36.29582559773976	37.0	37.0	37.0	37.0	37.0
47	36.29232396550525	37.0	37.0	37.0	37.0	37.0
48	36.285983159378844	37.0	37.0	37.0	37.0	37.0
49	36.27850424998464	37.0	37.0	37.0	37.0	37.0
50	36.276328715581805	37.0	37.0	37.0	37.0	37.0
51	36.21885476150895	37.0	37.0	37.0	37.0	37.0
>>END_MODULE
>>Per sequence quality scores	pass
#Quality	Count
14	3.0
15	6.0
16	12.0
17	25.0
18	77.0
19	180.0
20	440.0
21	1056.0
22	2514.0
23	5895.0
24	12413.0
25	25664.0
26	43833.0
27	77887.0
28	114262.0
29	177131.0
30	229801.0
31	314455.0
32	384511.0
33	510734.0
34	719010.0
35	1618335.0
36	1.4072147E7
37	1.8094917E7
>>END_MODULE
>>Per base sequence content	warn
#Base	G	A	T	C
1	30.643242460536293	17.559353897243096	15.168572019707193	36.62883162251342
2	29.698853034000972	17.592803837938437	27.031748113432425	25.676595014628166
3	23.501658054918806	22.53250542475839	27.23729737432794	26.728539145994862
4	24.778059836768858	29.208221504402598	21.633207992636677	24.380510666191864
5	28.794204954947777	30.145172786342034	19.49418749595526	21.566434762754927
6	23.722309944472933	33.8006919210792	19.3138429154342	23.163155219013667
7	22.4123650874131	18.404379590675855	33.229440493864246	25.953814828046802
8	23.046010213675434	21.146487759422335	23.94848300692855	31.859019019973683
9	24.17046986664692	20.487416285559238	24.962865305246147	30.3792485425477
10	24.185497894977292	32.148147187767236	21.044802038208275	22.6215528790472
11	27.333422276492747	23.60929143423811	18.851274649142173	30.206011640126967
12	26.422493115564354	21.562539726349794	22.98988652973352	29.025080628352327
13	24.416468845179313	23.956206153186994	24.304487888122434	27.322837113511255
14	24.97394610697978	24.35351460287055	23.88085275916358	26.791686530986087
15	25.189605769757428	24.43253689012202	23.71996156381078	26.657895776309775
16	25.383089740649904	24.091769804557075	23.24110813730789	27.284032317485128
17	25.426652069527883	24.326592704558358	22.83715880112867	27.409596424785086
18	25.037266543658966	25.133554700320076	23.23046957877681	26.59870917724415
19	25.42123314171258	24.462395962325875	23.25038282809529	26.865988067866255
20	25.76828082322501	24.421982640553406	22.59636699131896	27.213369544902626
21	24.93147153156897	25.068709760675556	23.357665316277508	26.64215339147797
22	25.314017395485294	24.65209743590138	23.160040288630437	26.873844879982883
23	25.660942080204347	24.8234350880921	22.738673162715724	26.776949668987832
24	25.024742981600497	25.03793063164229	23.26463257122121	26.672693815536007
25	25.24314586213637	24.347768188089493	23.018368640089516	27.39071730968462
26	25.537612743904774	24.24610827205516	22.779725388291055	27.436553595749015
27	25.033653079940095	24.741102157527344	23.16817947811205	27.05706528442051
28	25.257904698952142	24.354756180060335	23.081851141047892	27.30548797993963
29	25.723270903243012	24.46837697403906	22.754665336164713	27.053686786553214
30	25.270466054016076	24.860654935263835	23.1387027408201	26.73017626989998
31	25.046426957250993	24.56112196174803	23.28180288807361	27.110648192927368
32	25.48599061492172	24.554869130150827	22.76348451246729	27.19565574246016
33	24.789942719341916	25.047506808622522	23.274795532563548	26.887754939472014
34	25.077491447126338	24.555471416420925	23.09454159816475	27.272495538287988
35	25.667870196748105	24.41369248859666	22.653316862393673	27.26512045226156
36	25.09600248403337	24.91511677363092	23.072110803182877	26.91676993915283
37	25.20616358072304	24.298987789393742	22.96002051582263	27.534828114060588
38	25.68010156866117	24.274489746306337	22.68290036541754	27.362508319614953
39	25.073399955143515	24.795336464130816	23.119451053351334	27.011812527374335
40	25.313893787136756	24.393278035170034	22.999393385162406	27.293434792530803
41	25.80813215479457	24.450703727049913	22.633996119466975	27.107167998688542
42	24.99175394972623	25.13348877586752	23.091105286075315	26.78365198833093
43	24.927811069450968	24.694583180859553	23.090761349639223	27.28684440005026
44	25.393003130202878	24.565362831156378	22.869541441594176	27.17209259704656
45	24.93995762050491	24.837673370224707	23.246480952054714	26.97588805721567
46	25.116226598315215	24.498067280429176	23.08794095169649	27.297765169559124
47	25.594636662526547	24.391979881743215	22.78400931963203	27.229374136098205
48	25.159731962190037	24.803034765127947	23.13939462096572	26.897838651716295
49	25.328724091799117	24.38008502408463	23.0153247675603	27.275866116555964
50	25.6906345963056	24.34024553467318	22.620333212050582	27.348786656970635
51	24.90537819289798	24.92758139252656	23.196237251255422	26.97080316332004
>>END_MODULE
>>Per base GC content	fail
#Base	%GC
1	67.2720740830497
2	55.37544804862914
3	50.23019720091367
4	49.15857050296072
5	50.3606397177027
6	46.8854651634866
7	48.366179915459895
8	54.90502923364912
9	54.54971840919461
10	46.80705077402449
11	57.53943391661972
12	55.44757374391668
13	51.73930595869057
14	51.76563263796587
15	51.8475015460672
16	52.66712205813504
17	52.836248494312976
18	51.63597572090312
19	52.28722120957884
20	52.98165036812764
21	51.573624923046935
22	52.18786227546818
23	52.437891749192175
24	51.6974367971365
25	52.63386317182099
26	52.974166339653785
27	52.0907183643606
28	52.56339267889177
29	52.77695768979622
30	52.000642323916054
31	52.15707515017836
32	52.68164635738189
33	51.677697658813926
34	52.34998698541432
35	52.93299064900967
36	52.012772423186206
37	52.740991694783624
38	53.04260988827612
39	52.08521248251785
40	52.60732857966756
41	52.915300153483116
42	51.77540593805716
43	52.214655469501224
44	52.56509572724944
45	51.91584567772058
46	52.413991767874336
47	52.824010798624755
48	52.057570613906336
49	52.60459020835507
50	53.039421253276245
51	51.87618135621802
>>END_MODULE
>>Per sequence GC content	pass
#GC Content	Count
0	6507.0
1	3857.5
2	1208.0
3	1124.5
4	1041.0
5	1188.0
6	1335.0
7	1575.5
8	1816.0
9	2494.0
10	3172.0
11	4319.0
12	5466.0
13	7737.0
14	10008.0
15	14181.0
16	18354.0
17	25740.5
18	33127.0
19	44549.0
20	55971.0
21	74179.0
22	92387.0
23	119304.0
24	146221.0
25	186348.0
26	279193.0
27	331911.0
28	394112.5
29	456314.0
30	533053.0
31	609792.0
32	708091.5
33	806391.0
34	910657.5
35	1014924.0
36	1102887.5
37	1190851.0
38	1265041.0
39	1339231.0
40	1425006.0
41	1510781.0
42	1592047.0
43	1673313.0
44	1732192.5
45	1791072.0
46	1847161.5
47	1903251.0
48	1928769.5
49	1954288.0
50	2007711.0
51	2061134.0
52	2104096.5
53	2147059.0
54	2149931.0
55	2152803.0
56	2139149.5
57	2125496.0
58	2090250.5
59	2055005.0
60	1997019.0
61	1939033.0
62	1845366.0
63	1751699.0
64	1653960.5
65	1556222.0
66	1442668.0
67	1329114.0
68	1204383.0
69	1079652.0
70	964471.5
71	849291.0
72	739738.5
73	630186.0
74	547733.5
75	403689.5
76	342098.0
77	293811.0
78	245524.0
79	209792.5
80	174061.0
81	150054.0
82	126047.0
83	106048.0
84	86049.0
85	69147.5
86	52246.0
87	39961.0
88	27676.0
89	20817.5
90	13959.0
91	10497.5
92	7036.0
93	4756.0
94	2476.0
95	1572.0
96	668.0
97	450.0
98	232.0
99	143.0
100	54.0
>>END_MODULE
>>Per base N content	pass
#Base	N-Count
1	0.02878151724468311
2	0.09256342509174761
3	0.0
4	0.0
5	0.0
6	0.0
7	0.002224950273734808
8	0.0
9	0.0
10	0.0
11	9.613982664286208E-5
12	0.0
13	3.0215374087756653E-5
14	0.0
15	9.339297445306601E-5
16	0.0
17	0.0
18	0.0
19	0.001612402235410287
20	0.0
21	0.0
22	0.0
23	0.0
24	9.613982664286208E-5
25	0.0
26	3.845593065714483E-5
27	6.0430748175513306E-5
28	0.0
29	0.0
30	0.0
31	0.006666610264635037
32	7.801060219020809E-4
33	0.0
34	0.0
35	4.944333941632907E-4
36	0.0
37	6.4825711679187E-4
38	0.0010383101277429104
39	8.597647354061667E-4
40	0.0
41	0.0
42	0.0
43	3.9005301095104044E-4
44	0.0
45	0.005092663959881894
46	3.570907846734877E-4
47	0.005916719616820712
48	0.002859473129577698
49	0.006073290191639088
50	6.0430748175513306E-5
51	0.0017717196624184581
>>END_MODULE
>>Sequence Length Distribution	pass
#Length	Count
51	3.6405308E7
>>END_MODULE
>>Sequence Duplication Levels	fail
#Total Duplicate Percentage	71.3639532708691
#Duplication Level	Relative count
1	100.0
2	50.02523752969121
3	27.825118764845605
4	17.557897862232778
5	12.321852731591449
6	9.02167458432304
7	6.970011876484561
8	5.497327790973872
9	4.584323040380047
10++	63.108669833729216
>>END_MODULE
>>Overrepresented sequences	pass
>>END_MODULE
>>Kmer Content	fail
#Sequence	Count	Obs/Exp Overall	Obs/Exp Max	Max Obs/Exp Position
TTTTT	6209020	5.585973	14.867334	2
CCTGG	5216290	2.7902899	5.3807945	1
GAAGA	4295325	2.6719003	6.9433727	2
GGAAG	3497870	2.096949	5.6550465	1
GAAAA	3115905	2.0111678	5.7829056	2
GGAAA	2785780	1.7328899	5.1837816	1
>>END_MODULE
