##FastQC	0.10.1
>>Basic Statistics	pass
#Measure	Value	
Filename	HON021020_008_R2.fastq.gz	
File type	Conventional base calls	
Encoding	Sanger / Illumina 1.9	
Total Sequences	36057676	
Filtered Sequences	0	
Sequence length	92	
%GC	51	
>>END_MODULE
>>Per base sequence quality	pass
#Base	Mean	Median	Lower Quartile	Upper Quartile	10th Percentile	90th Percentile
1	36.11952725405819	37.0	37.0	37.0	37.0	37.0
2	36.1616043696216	37.0	37.0	37.0	37.0	37.0
3	36.32167649961689	37.0	37.0	37.0	37.0	37.0
4	36.31302422263709	37.0	37.0	37.0	37.0	37.0
5	36.25446931188799	37.0	37.0	37.0	37.0	37.0
6	36.225952831790934	37.0	37.0	37.0	37.0	37.0
7	36.09633563183606	37.0	37.0	37.0	37.0	37.0
8	36.165706852543686	37.0	37.0	37.0	37.0	37.0
9	36.183765032444136	37.0	37.0	37.0	37.0	37.0
10-14	36.152663349684545	37.0	37.0	37.0	37.0	37.0
15-19	36.149006818964146	37.0	37.0	37.0	37.0	37.0
20-24	36.11127428179232	37.0	37.0	37.0	37.0	37.0
25-29	36.071234119470155	37.0	37.0	37.0	37.0	37.0
30-34	36.052523434954594	37.0	37.0	37.0	37.0	37.0
35-39	36.03761297317109	37.0	37.0	37.0	37.0	37.0
40-44	35.96899761371199	37.0	37.0	37.0	37.0	37.0
45-49	35.931902277895006	37.0	37.0	37.0	37.0	37.0
50-54	35.88137212170856	37.0	37.0	37.0	37.0	37.0
55-59	35.83001606648194	37.0	37.0	37.0	37.0	37.0
60-64	35.79174548021342	37.0	37.0	37.0	37.0	37.0
65-69	35.757380592138	37.0	37.0	37.0	37.0	37.0
70-74	35.72670528183791	37.0	37.0	37.0	37.0	37.0
75-79	35.66926579516661	37.0	37.0	37.0	37.0	37.0
80-84	35.627393340602424	37.0	37.0	37.0	37.0	37.0
85-89	35.5980479884505	37.0	37.0	37.0	37.0	37.0
90-92	35.514560172985085	37.0	37.0	37.0	37.0	37.0
>>END_MODULE
>>Per sequence quality scores	pass
#Quality	Count
11	146.0
12	1018.0
13	4134.0
14	7239.0
15	8270.0
16	7745.0
17	7789.0
18	9065.0
19	12318.0
20	18655.0
21	28871.0
22	42700.0
23	58934.0
24	76679.0
25	95245.0
26	115726.0
27	142157.0
28	176508.0
29	219210.0
30	275963.0
31	361361.0
32	493042.0
33	756047.0
34	1501663.0
35	4557443.0
36	2.225819E7
37	4821558.0
>>END_MODULE
>>Per base sequence content	fail
#Base	G	A	T	C
1	30.87941307070744	8.152939844925164	18.923221554969835	42.044425529397564
2	30.444295939860638	7.745345338347722	31.132406631441672	30.67795209034997
3	30.471007723103472	13.230709359980523	21.373541110598993	34.92474180631701
4	31.246666104973936	17.616078064270035	20.062569759768753	31.074686070987273
5	31.878898684429913	21.566112580300516	23.444594709875368	23.110394025394204
6	30.868977801009695	22.27408943382818	22.478958433150268	24.37797433201186
7	21.74910817308979	23.79995020452229	37.741144668620855	16.709796953767057
8	24.961850009412696	19.702562084145413	32.04540137306686	23.290186533375028
9	24.811307861327503	18.18390070397216	32.96110376054186	24.04368767415848
10-14	26.173797270252347	24.419958939479837	26.481732311018813	22.924511479249002
15-19	26.372236953294415	23.593740232633536	25.916455823284817	24.117566990787232
20-24	26.308864665832036	23.671817278989383	25.583136505510538	24.43618154966804
25-29	26.32054394189918	23.666939035510325	25.328417640559547	24.684099382030944
30-34	26.22335279656086	23.687168507808195	25.280467251924588	24.809011443706357
35-39	26.497654759065515	23.603816774533836	24.99026786971661	24.908260596684034
40-44	26.508987203896094	23.693339389097194	24.925783458346825	24.87188994865989
45-49	26.480960981186502	23.657695963523047	24.948056201340858	24.913286853949593
50-54	26.53737868841435	23.686744877236656	24.839548425025267	24.93632800932373
55-59	26.38626003266826	23.68068636049663	24.85839231522677	25.07466129160834
60-64	26.409499104114193	23.676617244526888	24.870799962233654	25.043083689125268
65-69	26.46407334209819	23.684977397586653	24.846166641900773	25.00478261841439
70-74	26.57958220370991	23.751251317628213	24.677524496672152	24.991641981989723
75-79	26.626546558976443	23.85693158563468	24.574032066385524	24.942489789003353
80-84	26.832011893812652	23.753073794366486	24.493723639061916	24.921190672758947
85-89	26.87380923087771	23.943407503275758	24.415882104837262	24.766901161009272
90-92	27.174917534097563	23.975902620937294	24.1347912034793	24.71438864148584
>>END_MODULE
>>Per base GC content	fail
#Base	%GC
1	72.923838600105
2	61.1222480302106
3	65.39574952942048
4	62.32135217596121
5	54.98929270982411
6	55.24695213302155
7	38.45890512685685
8	48.25203654278773
9	48.854995535485976
10-14	49.09830874950135
15-19	50.48980394408164
20-24	50.745046215500075
25-29	51.00464332393013
30-34	51.03236424026721
35-39	51.405915355749556
40-44	51.38087715255598
45-49	51.3942478351361
50-54	51.47370669773807
55-59	51.4609213242766
60-64	51.452582793239465
65-69	51.46885596051257
70-74	51.571224185699634
75-79	51.569036347979804
80-84	51.7532025665716
85-89	51.64071039188698
90-92	51.88930617558341
>>END_MODULE
>>Per sequence GC content	pass
#GC Content	Count
0	2125.0
1	1637.0
2	1110.5
3	1131.5
4	1248.5
5	1444.0
6	1673.5
7	1880.0
8	2131.5
9	2405.0
10	2687.0
11	3031.0
12	3230.0
13	3403.0
14	3885.0
15	4497.0
16	5394.5
17	6771.0
18	8599.0
19	11421.5
20	15631.5
21	21660.0
22	30616.5
23	43447.0
24	60664.5
25	70413.0
26	83444.0
27	113295.0
28	151003.5
29	195564.5
30	246807.5
31	303587.0
32	365113.5
33	431921.0
34	499559.5
35	566663.0
36	637058.0
37	673498.0
38	705510.5
39	775549.5
40	843994.0
41	905016.5
42	964091.5
43	1019085.0
44	1075484.5
45	1126174.5
46	1158713.0
47	1168946.0
48	1172714.5
49	1192148.0
50	1206321.0
51	1209727.0
52	1222297.0
53	1231630.0
54	1229068.0
55	1217220.5
56	1205226.5
57	1194601.5
58	1169812.5
59	1138907.5
60	1107871.0
61	1066218.5
62	1041739.0
63	1003390.5
64	920716.0
65	832389.5
66	741449.5
67	651381.0
68	556883.5
69	463986.5
70	387510.0
71	317069.5
72	253680.5
73	207085.0
74	170903.0
75	153420.0
76	137140.5
77	108689.0
78	85663.0
79	67078.5
80	52547.0
81	40551.0
82	30453.0
83	20876.0
84	13768.0
85	9000.5
86	5104.5
87	3542.0
88	2710.0
89	1664.0
90	1324.0
91	1230.5
92	1264.0
93	1269.0
94	1352.0
95	1510.5
96	1703.0
97	2075.5
98	2978.0
99	15817.0
100	28013.0
>>END_MODULE
>>Per base N content	pass
#Base	N-Count
1	0.05039980946082049
2	0.026085985131154878
3	0.0014948273427272461
4	5.546669175240245E-6
5	0.0
6	0.0
7	0.0060819227506509295
8	0.0
9	0.0
10-14	0.009383854910671448
15-19	2.9397346628773303E-4
20-24	0.009213017500074047
25-29	0.003266988144216505
30-34	0.009416580258805365
35-39	0.005129559653262179
40-44	0.019282440720805188
45-49	0.0017438727886955332
50-54	0.001916928866963029
55-59	4.7035754606037283E-4
60-64	4.95872224266478E-4
65-69	6.10133609276427E-5
70-74	2.3406943919513834E-4
75-79	2.1964809933951371E-4
80-84	5.696429242971733E-4
85-89	5.64096255121933E-4
90-92	0.0020892453893404926
>>END_MODULE
>>Sequence Length Distribution	pass
#Length	Count
92	3.6057676E7
>>END_MODULE
>>Sequence Duplication Levels	fail
#Total Duplicate Percentage	64.26554105237346
#Duplication Level	Relative count
1	100.0
2	39.12755789731651
3	20.102928562676144
4	12.548707266266389
5	8.740350447249112
6	6.608258791814729
7	5.093738512437201
8	4.237225830167872
9	3.334150226687906
10++	45.27508883715231
>>END_MODULE
>>Overrepresented sequences	pass
>>END_MODULE
>>Kmer Content	warn
#Sequence	Count	Obs/Exp Overall	Obs/Exp Max	Max Obs/Exp Position
AAAAA	10968465	5.265273	5.9443817	75-79
TTTTT	14637750	4.5444875	17.564682	2
GGGGG	11946235	2.773254	8.74224	1
CCAGG	9003695	2.7555015	5.0460186	2
CTCCT	8325075	2.6425579	10.067864	1
CTTCT	8348415	2.6304605	5.1660833	6
CTCCA	7465220	2.5854247	8.5660095	1
TCTTC	8011730	2.5243762	5.2101645	7
CCTCC	7643990	2.4443593	6.3446727	1
TCCTC	7614270	2.4169333	6.13543	2
CCCAG	7326095	2.3939302	6.8026414	1
TCCAG	7192870	2.3330953	5.3555183	2
CTGGG	8824985	2.3183658	6.380269	1
CTTCA	6338545	2.1790655	5.0096226	6
TGGGG	8205995	2.0190182	5.0964584	2
CCCCA	5340040	1.8631269	7.6084995	1
CCTCT	5673720	1.8009608	5.483537	3
GGGGC	7199970	1.7846304	5.1291246	2
CTCCC	5546445	1.7736163	8.429576	1
GGGGA	6472345	1.737495	5.4012384	1
GTGGG	6428540	1.58169	5.1698656	1
TTTTG	5082025	1.488665	5.210968	7
CCCCC	3762740	1.212154	5.216942	1
CCCCT	3774940	1.2071329	5.033813	1
CGGGG	4226960	1.047721	5.931606	1
>>END_MODULE
