indel_size	fq
-105	9
-104	0
-103	8
-102	0
-101	12
-100	0
-99	16
-98	17
-97	10
-96	4
-95	17
-94	7
-93	5
-92	2
-91	0
-90	18
-89	5
-88	8
-87	21
-86	32
-85	0
-84	15
-83	3
-82	21
-81	9
-80	16
-79	3
-78	14
-77	8
-76	0
-75	55
-74	6
-73	1
-72	11
-71	4
-70	2
-69	4
-68	6
-67	4
-66	0
-65	14
-64	2
-63	15
-62	8
-61	2
-60	10
-59	1
-58	7
-57	1
-56	4
-55	6
-54	12
-53	10
-52	10
-51	32
-50	0
-49	21
-48	24
-47	54
-46	24
-45	27
-44	16
-43	6
-42	31
-41	2
-40	74
-39	15
-38	0
-37	4
-36	8
-35	11
-34	0
-33	1
-32	9
-31	4
-30	13
-29	13
-28	21
-27	189
-26	23
-25	2
-24	79
-23	28
-22	19
-21	48
-20	10
-19	8
-18	319
-17	22
-16	10
-15	19
-14	54
-13	76
-12	23
-11	606
-10	296
-9	36
-8	35
-7	229
-6	108
-5	141
-4	96
-3	863
-2	359
-1	705
0	4931
1	1138
2	67
3	71
4	14
5	66
6	10
7	27
8	14
9	9
10	10
11	17
12	12
13	18
14	4
15	17
16	3
17	8
18	7
19	9
20	2
21	5
22	3
23	9
24	10
25	2
26	6
27	0
28	4
29	4
