# amplicon position	effect
1	0.000000000000000000e+00
2	0.000000000000000000e+00
3	0.000000000000000000e+00
4	0.000000000000000000e+00
5	0.000000000000000000e+00
6	0.000000000000000000e+00
7	0.000000000000000000e+00
8	0.000000000000000000e+00
9	0.000000000000000000e+00
10	0.000000000000000000e+00
11	0.000000000000000000e+00
12	0.000000000000000000e+00
13	0.000000000000000000e+00
14	0.000000000000000000e+00
15	0.000000000000000000e+00
16	0.000000000000000000e+00
17	0.000000000000000000e+00
18	0.000000000000000000e+00
19	0.000000000000000000e+00
20	0.000000000000000000e+00
21	5.163955589981926442e-02
22	5.163955589981926442e-02
23	5.163955589981926442e-02
24	6.024614854978913719e-02
25	7.745933384972888969e-02
26	1.032791117996385288e-01
27	1.377054823995180199e-01
28	1.721318529993975388e-01
29	2.840175574490059196e-01
30	3.356571133488251979e-01
31	3.614768912987348370e-01
32	3.872966692486444762e-01
33	3.872966692486444762e-01
34	4.303296324984938193e-01
35	5.250021516481624406e-01
36	5.852483001979515986e-01
37	5.938548928479214783e-01
38	6.196746707978311175e-01
39	6.454944487477407566e-01
40	6.971340046475600349e-01
41	6.971340046475600349e-01
42	6.971340046475600349e-01
43	6.971340046475600349e-01
44	7.229537825974696741e-01
45	7.573801531973491930e-01
46	7.659867458473190727e-01
47	7.659867458473190727e-01
48	7.831999311472588321e-01
49	9.036922282468370371e-01
50	9.467251914966864357e-01
51	1.006971340046475705e+00
52	1.041397710646355002e+00
53	1.050004303296324881e+00
54	1.058610895946294761e+00
55	1.118857044496083919e+00
56	1.118857044496083919e+00
57	1.153283415095963438e+00
58	1.153283415095963438e+00
59	1.170496600395903197e+00
60	1.170496600395903197e+00
61	1.170496600395903197e+00
62	1.170496600395903197e+00
63	1.179103193045873077e+00
64	1.179103193045873077e+00
65	1.256562526895601994e+00
66	1.256562526895601994e+00
67	1.488940528444788747e+00
68	1.488940528444788747e+00
69	1.643859196144246582e+00
70	1.643859196144246582e+00
71	1.807384456493674074e+00
72	2.091402013942679883e+00
73	2.117221791892589522e+00
74	2.263533866942077477e+00
75	2.340993200791806395e+00
76	2.401239349341595553e+00
77	2.435665719941475071e+00
78	2.495911868491264229e+00
79	2.513125053791203989e+00
80	3.347964540838282321e+00
81	3.416817282038041359e+00
82	3.494276615887769832e+00
83	3.502883208537739712e+00
84	3.528702986487649351e+00
85	3.606162320337378269e+00
86	3.606162320337378269e+00
87	3.623375505637318028e+00
88	3.907393063086324059e+00
89	3.907393063086324059e+00
90	4.096738101385661857e+00
91	4.329116102934848165e+00
92	4.354935880884757360e+00
93	4.406575436784576638e+00
94	5.731990704879938114e+00
95	6.213959893278251378e+00
96	6.472157672777347770e+00
97	6.644289525776745364e+00
98	6.962733453825630470e+00
99	7.324210345124365418e+00
100	8.029950942421894666e+00
101	1.102504518461141281e+01
102	1.128324296411050831e+01
103	1.429555039159996532e+01
104	1.482055254324812843e+01
105	1.544022721404595977e+01
106	1.646441173939237501e+01
107	2.483862638781306487e+01
108	2.718822618125484070e+01
109	3.544194853257595668e+01
110	4.465100266804372353e+01
111	3.736982528616920263e+01
112	2.859110078319993065e+01
113	2.526895602031155974e+01
114	2.174885962647388027e+01
115	1.974352353903089607e+01
116	1.850417419743523695e+01
117	1.784146656338755577e+01
118	1.185127807900852126e+01
119	8.210689388071262584e+00
120	6.695929081676564643e+00
121	4.922970995782769421e+00
122	4.458214992684395916e+00
123	4.208623805835269849e+00
124	3.993458989586022856e+00
125	3.812720543936655382e+00
126	3.657801876237197547e+00
127	3.451243652637920434e+00
128	3.296324984938463043e+00
129	3.227472243738704005e+00
130	3.150012909888975088e+00
131	2.995094242189517253e+00
132	2.926241500989758215e+00
133	2.883208537739908817e+00
134	2.788536018590240140e+00
135	2.779929425940270260e+00
136	2.564764609691023267e+00
137	2.504518461141234109e+00
138	2.409845941991565432e+00
139	2.401239349341595553e+00
140	2.254927274292107597e+00
141	2.237714088992167838e+00
142	2.237714088992167838e+00
143	2.211894311042258199e+00
144	2.160254755142438921e+00
145	2.151648162492469041e+00
146	2.082795421292710003e+00
147	2.074188828642740123e+00
148	2.074188828642740123e+00
149	1.790171271193734315e+00
150	1.781564678543764435e+00
151	1.669678974094156221e+00
152	1.626646010844306822e+00
153	1.575006454944487544e+00
154	1.549186676994577905e+00
155	1.549186676994577905e+00
156	1.549186676994577905e+00
157	1.514760306394698386e+00
158	1.480333935794818867e+00
159	1.480333935794818867e+00
160	1.480333935794818867e+00
161	1.471727343144848987e+00
162	1.471727343144848987e+00
163	1.471727343144848987e+00
164	1.368448231345210431e+00
165	1.368448231345210431e+00
166	1.351235046045270671e+00
167	1.351235046045270671e+00
168	1.351235046045270671e+00
169	1.351235046045270671e+00
170	1.325415268095361032e+00
171	1.127463637146053799e+00
172	1.084430673896204400e+00
173	1.084430673896204400e+00
174	1.084430673896204400e+00
175	1.084430673896204400e+00
176	1.084430673896204400e+00
177	1.084430673896204400e+00
178	9.209054135467767965e-01
179	9.209054135467767965e-01
180	8.176263017471383510e-01
181	7.057405972975299147e-01
182	7.057405972975299147e-01
183	6.541010413977106364e-01
184	6.541010413977106364e-01
185	5.508219295980720798e-01
186	5.508219295980720798e-01
187	4.475428177984335787e-01
188	4.475428177984335787e-01
189	4.045098545485842356e-01
190	3.614768912987348370e-01
191	3.614768912987348370e-01
192	3.614768912987348370e-01
193	2.926241500989757993e-01
194	2.926241500989757993e-01
195	2.668043721490661602e-01
196	2.151648162492469096e-01
197	2.151648162492469096e-01
198	2.151648162492469096e-01
199	2.151648162492469096e-01
200	1.549186676994577794e-01
201	1.549186676994577794e-01
202	1.549186676994577794e-01
203	1.549186676994577794e-01
204	1.549186676994577794e-01
205	1.290988897495481402e-01
206	1.290988897495481402e-01
207	1.118857044496083947e-01
208	6.024614854978913719e-02
209	6.024614854978913719e-02
210	6.024614854978913719e-02
211	0.000000000000000000e+00
212	0.000000000000000000e+00
213	0.000000000000000000e+00
214	0.000000000000000000e+00
215	0.000000000000000000e+00
216	0.000000000000000000e+00
217	0.000000000000000000e+00
218	0.000000000000000000e+00
219	0.000000000000000000e+00
220	0.000000000000000000e+00
221	0.000000000000000000e+00
222	0.000000000000000000e+00
223	0.000000000000000000e+00
224	0.000000000000000000e+00
225	0.000000000000000000e+00
226	0.000000000000000000e+00
227	0.000000000000000000e+00
228	0.000000000000000000e+00
229	0.000000000000000000e+00
230	0.000000000000000000e+00
231	0.000000000000000000e+00
232	0.000000000000000000e+00
233	0.000000000000000000e+00
234	0.000000000000000000e+00
235	0.000000000000000000e+00
236	0.000000000000000000e+00
237	0.000000000000000000e+00
238	0.000000000000000000e+00
239	0.000000000000000000e+00
240	0.000000000000000000e+00
241	0.000000000000000000e+00
242	0.000000000000000000e+00
243	0.000000000000000000e+00
244	0.000000000000000000e+00
245	0.000000000000000000e+00
246	0.000000000000000000e+00
247	0.000000000000000000e+00
248	0.000000000000000000e+00
249	0.000000000000000000e+00
250	0.000000000000000000e+00
251	0.000000000000000000e+00
252	0.000000000000000000e+00
253	0.000000000000000000e+00
254	0.000000000000000000e+00
255	0.000000000000000000e+00
256	0.000000000000000000e+00
257	0.000000000000000000e+00
258	0.000000000000000000e+00
259	0.000000000000000000e+00
260	0.000000000000000000e+00
261	0.000000000000000000e+00
262	0.000000000000000000e+00
263	0.000000000000000000e+00
264	0.000000000000000000e+00
265	0.000000000000000000e+00
