indel_size	fq
-105	5
-104	0
-103	1
-102	2
-101	10
-100	3
-99	3
-98	6
-97	0
-96	1
-95	5
-94	6
-93	0
-92	7
-91	7
-90	7
-89	8
-88	4
-87	1
-86	13
-85	3
-84	5
-83	10
-82	29
-81	5
-80	0
-79	3
-78	3
-77	4
-76	6
-75	45
-74	7
-73	9
-72	5
-71	0
-70	4
-69	9
-68	2
-67	0
-66	2
-65	17
-64	5
-63	25
-62	9
-61	2
-60	6
-59	3
-58	24
-57	2
-56	0
-55	11
-54	2
-53	0
-52	6
-51	42
-50	1
-49	20
-48	0
-47	50
-46	13
-45	27
-44	15
-43	0
-42	24
-41	9
-40	86
-39	19
-38	1
-37	5
-36	9
-35	2
-34	6
-33	5
-32	6
-31	3
-30	14
-29	31
-28	27
-27	173
-26	18
-25	10
-24	48
-23	20
-22	16
-21	39
-20	19
-19	24
-18	352
-17	26
-16	30
-15	40
-14	70
-13	76
-12	40
-11	668
-10	271
-9	46
-8	69
-7	264
-6	121
-5	149
-4	151
-3	831
-2	443
-1	735
0	4599
1	1127
2	36
3	76
4	19
5	43
6	26
7	12
8	9
9	17
10	8
11	16
12	17
13	14
14	6
15	3
16	8
17	4
18	10
19	2
20	3
21	3
22	16
23	3
24	4
25	4
26	6
27	4
28	3
29	3
30	2
