##FastQC	0.10.1
>>Basic Statistics	pass
#Measure	Value	
Filename	HON021020_002_R1.fastq.gz	
File type	Conventional base calls	
Encoding	Sanger / Illumina 1.9	
Total Sequences	36145270	
Filtered Sequences	0	
Sequence length	51	
%GC	51	
>>END_MODULE
>>Per base sequence quality	pass
#Base	Mean	Median	Lower Quartile	Upper Quartile	10th Percentile	90th Percentile
1	36.47342744984337	37.0	37.0	37.0	37.0	37.0
2	36.47705542108276	37.0	37.0	37.0	37.0	37.0
3	36.49404937354182	37.0	37.0	37.0	37.0	37.0
4	36.5227082271069	37.0	37.0	37.0	37.0	37.0
5	36.56145658892574	37.0	37.0	37.0	37.0	37.0
6	36.53225874367517	37.0	37.0	37.0	37.0	37.0
7	36.51270462220921	37.0	37.0	37.0	37.0	37.0
8	36.57048615213	37.0	37.0	37.0	37.0	37.0
9	36.564754337151165	37.0	37.0	37.0	37.0	37.0
10	36.54471481330752	37.0	37.0	37.0	37.0	37.0
11	36.56763844895888	37.0	37.0	37.0	37.0	37.0
12	36.55251577868972	37.0	37.0	37.0	37.0	37.0
13	36.530207244267366	37.0	37.0	37.0	37.0	37.0
14	36.51612894301246	37.0	37.0	37.0	37.0	37.0
15	36.51589956306869	37.0	37.0	37.0	37.0	37.0
16	36.51759320099144	37.0	37.0	37.0	37.0	37.0
17	36.51443223414848	37.0	37.0	37.0	37.0	37.0
18	36.507846254848836	37.0	37.0	37.0	37.0	37.0
19	36.50706811707313	37.0	37.0	37.0	37.0	37.0
20	36.509969132890696	37.0	37.0	37.0	37.0	37.0
21	36.49223818220199	37.0	37.0	37.0	37.0	37.0
22	36.47490573455393	37.0	37.0	37.0	37.0	37.0
23	36.45672476647705	37.0	37.0	37.0	37.0	37.0
24	36.447480016057426	37.0	37.0	37.0	37.0	37.0
25	36.44816425496337	37.0	37.0	37.0	37.0	37.0
26	36.43371201819768	37.0	37.0	37.0	37.0	37.0
27	36.41658701124656	37.0	37.0	37.0	37.0	37.0
28	36.40881880257085	37.0	37.0	37.0	37.0	37.0
29	36.393630425225766	37.0	37.0	37.0	37.0	37.0
30	36.39223881852314	37.0	37.0	37.0	37.0	37.0
31	36.37612428956818	37.0	37.0	37.0	37.0	37.0
32	36.38411631729407	37.0	37.0	37.0	37.0	37.0
33	36.36936700154681	37.0	37.0	37.0	37.0	37.0
34	36.36813928904114	37.0	37.0	37.0	37.0	37.0
35	36.36584142268131	37.0	37.0	37.0	37.0	37.0
36	36.35918530972379	37.0	37.0	37.0	37.0	37.0
37	36.35345473972113	37.0	37.0	37.0	37.0	37.0
38	36.33948920564157	37.0	37.0	37.0	37.0	37.0
39	36.338115305266776	37.0	37.0	37.0	37.0	37.0
40	36.335720275433	37.0	37.0	37.0	37.0	37.0
41	36.32523043817351	37.0	37.0	37.0	37.0	37.0
42	36.31311101009897	37.0	37.0	37.0	37.0	37.0
43	36.31531392627583	37.0	37.0	37.0	37.0	37.0
44	36.30750419072814	37.0	37.0	37.0	37.0	37.0
45	36.29137159578556	37.0	37.0	37.0	37.0	37.0
46	36.29282691760222	37.0	37.0	37.0	37.0	37.0
47	36.289449878227494	37.0	37.0	37.0	37.0	37.0
48	36.2861991901015	37.0	37.0	37.0	37.0	37.0
49	36.28090441709247	37.0	37.0	37.0	37.0	37.0
50	36.27719549473555	37.0	37.0	37.0	37.0	37.0
51	36.216791353336134	37.0	37.0	37.0	37.0	37.0
>>END_MODULE
>>Per sequence quality scores	pass
#Quality	Count
13	1.0
14	2.0
15	3.0
16	5.0
17	35.0
18	61.0
19	154.0
20	393.0
21	936.0
22	2213.0
23	4991.0
24	10785.0
25	22581.0
26	39472.0
27	72205.0
28	107421.0
29	169835.0
30	222920.0
31	306945.0
32	380165.0
33	512509.0
34	737091.0
35	1728635.0
36	1.4492788E7
37	1.7333124E7
>>END_MODULE
>>Per base sequence content	warn
#Base	G	A	T	C
1	30.4109257331041	17.664519387433884	15.41728316480962	36.5072717146524
2	28.642135078833654	17.8446708637695	27.515674614234754	25.997519443162094
3	22.86465698001426	22.463528422944414	27.93928500188268	26.73252959515865
4	23.98904199636633	29.60079423946757	21.71424642837085	24.69591733579525
5	27.37995870552357	31.227950434455188	19.83430197090795	21.55778888911329
6	22.576373063474144	34.48180633316614	19.63896520900245	23.30285539435727
7	21.215691986885396	18.53410905440907	33.91418346973746	26.33601548896808
8	22.23845333013144	21.313519030290824	24.258128380283228	32.189899259294506
9	23.531571350829584	20.807770975289436	25.263795235171848	30.39686243870913
10	23.174465151318554	33.147916726033586	21.09746309821451	22.58015502443335
11	26.178037949053827	24.23006686162267	19.157159492800837	30.434735696522658
12	25.257362858266102	21.765301518013285	23.528331646160066	29.44900397756055
13	23.203778310074405	24.63041903696363	24.82424804801515	27.341554604946815
14	23.87622502197383	24.95413646100859	24.57727663951604	26.592361877501535
15	24.221559347190407	24.98852615203202	24.252833173805648	26.537081326971922
16	24.547889668551377	24.540165283037034	23.673260706034288	27.2386843423773
17	24.55024959005701	24.99629135430445	23.38195288069504	27.0715061749435
18	24.085962008307035	25.787733775401318	23.771002402250694	26.355301814040956
19	24.44359360541627	25.04075699699823	23.67948187389171	26.83616752369378
20	24.789116252278653	25.029714814690827	23.15524825239928	27.025920680631245
21	24.06522623845388	25.485080067184445	23.803103421277527	26.646590273084144
22	24.156767953317267	25.28674429600332	23.672203859592138	26.884283891087268
23	24.49922769977925	25.40968431000792	23.33257989219613	26.758508098016698
24	24.141192588567677	25.451843728247482	23.753061260625188	26.65390242255965
25	24.352876600451456	24.976518366026866	23.44344363730026	27.227161396221415
26	24.70322799761053	24.854036170057835	23.104713935350187	27.338021896981445
27	24.190206047578485	25.36835551587368	23.667664271404558	26.773774165143276
28	24.406518473924805	25.07672511507038	23.53186461188421	26.984891799120604
29	24.834859443573116	24.904957135470283	23.265240514180693	26.99494290677591
30	24.373020314967906	25.450859822045874	23.660747312165604	26.515372550820622
31	24.07287328325648	25.240841562900634	23.71913801590843	26.967147137934454
32	24.397875908446206	25.1996862190295	23.275030503562906	27.127407368961393
33	23.907969147830407	25.482191722457735	23.75298898030088	26.856850149410977
34	24.27910207891655	25.14210573057	23.48814381522119	27.090648375292258
35	24.70708121410802	25.11118592687299	23.174195154102133	27.00753770491685
36	24.263321314241114	25.20928464498951	23.63323887191879	26.894155168850588
37	24.285320436037637	24.935155012256864	23.505199675363524	27.27432487634197
38	24.605509887425765	24.895467413718027	23.04271891488905	27.45630378396716
39	24.120024106279445	25.194027855462696	23.61646813126452	27.069479906993344
40	24.5053944817676	25.0337098049067	23.384238103630157	27.07665760969554
41	24.682991716481855	25.154588691687735	23.211703772028816	26.950715819801594
42	24.097343857163054	25.50218327321943	23.649039002890284	26.751433866727236
43	24.031136818224336	25.25301134020336	23.516846078166186	27.19900576340612
44	24.616020298091563	24.98825434143942	23.323972956904182	27.071752403564837
45	24.062193988290375	25.26795119522279	23.79313263276708	26.87672218371976
46	24.20333143506082	25.00699955711893	23.489194011787585	27.300474996032666
47	24.65438781253811	24.958000296156012	23.423381473072933	26.964230418232944
48	24.21358845902982	25.277804022905425	23.66098642177772	26.847621096287032
49	24.39520629516011	24.892029088399468	23.42230880898102	27.290455807459402
50	24.676577054129396	24.861530868241573	23.230729689441816	27.231162388187215
51	24.036942267525667	25.159729192294044	23.840224161752012	26.963104378428277
>>END_MODULE
>>Per base GC content	fail
#Base	%GC
1	66.9181974477565
2	54.63965452199574
3	49.597186575172906
4	48.68495933216158
5	48.93774759463687
6	45.87922845783141
7	47.551707475853476
8	54.42835258942594
9	53.92843378953871
10	45.7546201757519
11	56.61277364557649
12	54.70636683582665
13	50.54533291502123
14	50.46858689947536
15	50.758640674162336
16	51.786574010928675
17	51.62175576500051
18	50.441263822347985
19	51.27976112911006
20	51.8150369329099
21	50.71181651153802
22	51.04105184440454
23	51.257735797795945
24	50.79509501112733
25	51.580037996672864
26	52.04124989459198
27	50.96398021272176
28	51.39141027304541
29	51.82980235034902
30	50.888392865788525
31	51.04002042119093
32	51.525283277407596
33	50.76481929724138
34	51.369750454208805
35	51.71461891902487
36	51.1574764830917
37	51.55964531237961
38	52.06181367139292
39	51.18950401327278
40	51.58205209146314
41	51.633707536283445
42	50.848777723890294
43	51.23014258163045
44	51.6877727016564
45	50.93891617201013
46	51.50380643109348
47	51.61861823077105
48	51.06120955531686
49	51.68566210261951
50	51.90773944231661
51	51.000046645953944
>>END_MODULE
>>Per sequence GC content	pass
#GC Content	Count
0	7113.0
1	4142.5
2	1172.0
3	1034.5
4	897.0
5	1069.5
6	1242.0
7	1431.0
8	1620.0
9	2259.5
10	2899.0
11	3838.5
12	4778.0
13	6652.5
14	8527.0
15	12114.0
16	15701.0
17	22354.0
18	29007.0
19	39382.0
20	49757.0
21	66115.0
22	82473.0
23	107642.0
24	132811.0
25	176253.5
26	277517.0
27	335338.0
28	396978.5
29	458619.0
30	546291.0
31	633963.0
32	752184.0
33	870405.0
34	1002885.0
35	1135365.0
36	1229821.5
37	1324278.0
38	1391450.0
39	1458622.0
40	1574068.0
41	1689514.0
42	1821442.0
43	1953370.0
44	1988324.5
45	2023279.0
46	2061163.5
47	2099048.0
48	2098120.5
49	2097193.0
50	2129086.5
51	2160980.0
52	2178282.0
53	2195584.0
54	2126941.5
55	2058299.0
56	2017739.0
57	1977179.0
58	1917786.0
59	1858393.0
60	1804703.0
61	1751013.0
62	1639170.5
63	1527328.0
64	1419573.5
65	1311819.0
66	1195506.0
67	1079193.0
68	984840.5
69	890488.0
70	794088.0
71	697688.0
72	609734.0
73	521780.0
74	463772.5
75	356118.0
76	306471.0
77	264982.5
78	223494.0
79	195832.0
80	168170.0
81	152786.5
82	137403.0
83	117955.5
84	98508.0
85	80388.5
86	62269.0
87	46116.0
88	29963.0
89	25785.0
90	21607.0
91	19713.5
92	17820.0
93	11857.5
94	5895.0
95	3444.5
96	994.0
97	671.0
98	348.0
99	240.0
100	132.0
>>END_MODULE
>>Per base N content	pass
#Base	N-Count
1	0.02875894964956687
2	0.0918986080336376
3	0.0
4	0.0
5	0.0
6	0.0
7	0.0023101224586232166
8	0.0
9	0.0
10	0.0
11	5.809888818094318E-5
12	0.0
13	2.766613722902056E-5
14	0.0
15	8.023179796415963E-5
16	0.0
17	0.0
18	0.0
19	0.0015382372299335434
20	0.0
21	0.0
22	0.0
23	0.0
24	8.299841168706169E-5
25	0.0
26	3.873259212062879E-5
27	7.193195679545345E-5
28	0.0
29	0.0
30	0.0
31	0.00670073843686878
32	8.631834815454414E-4
33	0.0
34	0.0
35	5.062903112910762E-4
36	0.0
37	6.224880876529626E-4
38	8.8808300505156E-4
39	9.157491422805805E-4
40	0.0
41	0.0
42	0.0
43	4.177586721582105E-4
44	0.0
45	0.005093335863862685
46	3.485933290856591E-4
47	0.005970352414022637
48	0.002752780654287546
49	0.0060920834178303275
50	8.299841168706169E-5
51	0.0018148986022237489
>>END_MODULE
>>Sequence Length Distribution	pass
#Length	Count
51	3.614527E7
>>END_MODULE
>>Sequence Duplication Levels	fail
#Total Duplicate Percentage	72.48000312909471
#Duplication Level	Relative count
1	100.0
2	44.591310280134735
3	24.554072684375843
4	15.585781492062138
5	10.821643286573146
6	8.031666169217868
7	6.283488963743089
8	5.115194928864822
9	4.170042212083742
10++	65.10325615770549
>>END_MODULE
>>Overrepresented sequences	pass
>>END_MODULE
>>Kmer Content	fail
#Sequence	Count	Obs/Exp Overall	Obs/Exp Max	Max Obs/Exp Position
TTTTT	5887075	4.8218236	12.333706	2
GAAGA	3962725	2.514052	6.2029653	2
GGAAG	3111070	2.0174232	5.405942	1
AAAAT	3009100	1.9399574	5.153752	3
GAAAA	3050310	1.8932911	5.327628	2
GGAAA	2639140	1.6743366	5.006936	1
>>END_MODULE
